country	countrynumber	year	legelec	preselec	regime	regime_leg	eighties	nineties	old	avemag	districts	eneg	enep	enep_others	enep1	enpp	enpp_others	enpp1	enpres	medmag	newdem	proximity1	proximity2	seats	upperseats	uppertier	twoelections	twoelections1
Albania	143	1992	1	0	0	0	0	0	0	1	100	1.10693	2.19	0.2	2.19	1.95	0	1.95	0	1	1	0	0	140	40	28.57	0	0
Albania	143	1996	1	0	0	0	0	1	0	1	115	1.10693	2.73	9.4	2.785	1.31	0	1.31	0	1	0	0	0	140	25	17.86	0	0
Albania	143	1997	1	0	0	0	0	0	0	1	115	1.10693	2.87	0	2.87	2.07	0	2.07	0	1	0	0	0	155	40	25.8	0	0
Andorra	195	1993	1	0	0	0	0	0	0	2	7	NA	NA	NA	NA	4.96	21.4	6.14	0	2	1	0	0	28	14	50	0	0
Andorra	195	1997	1	0	0	0	0	1	0	2	7	NA	2.6	8	2.62	2.58	0	2.58	0	2	0	0	0	28	14	50	0	0
Antigua	144	1984	1	0	0	0	1	0	1	1	17	NA	1.92	7.2	1.94	1.12	5.9	1.13	0	1	1	0	0	17	0	0	0	0
Antigua	144	1989	1	0	0	0	0	0	1	1	17	NA	1.98	0.9	1.98	1.27	0	1.27	0	1	0	0	0	17	0	0	0	0
Antigua	144	1994	1	0	0	0	0	1	1	1	17	NA	2.07	0	2.07	1.97	0	1.97	0	1	1	0	0	17	0	0	0	0
Antigua	144	1999	1	0	0	0	0	0	1	1	17	NA	2.09	1.4	2.095	1.8	0	1.8	0	1	0	0	0	17	0	0	0	0
Argentina	66	1946	1	1	0	0	0	0	1	10.53	15	1.3421	5.19	13.8	5.75	3.69	6.3	3.74	2.09	NA	1	1	1	158	0	0	0	0
Argentina	66	1948	1	0	0	0	0	0	1	5.27	15	1.3421	NA	NA	NA	1.75	0	1.75	2.09	NA	0	0.2	0	158	0	0	0	0
Argentina	66	1951	1	1	0	0	0	0	1	10.53	15	1.3421	1.97	0	1.97	1.21	0	1.21	1.96	NA	0	1	1	158	0	0	0	0
Argentina	66	1954	1	0	0	0	0	0	1	4.56	17	1.3421	1.93	0	1.93	1.26	0	1.26	1.96	NA	0	0.2	0	155	0	0	0	0
Argentina	66	1958	1	1	0	0	0	0	1	8.13	23	1.3421	2.83	8.3	2.885	1.72	0	1.72	2.65	NA	1	1	1	187	0	0	0	0
Argentina	66	1960	1	0	0	0	0	0	1	4.17	23	1.3421	4.93	14.5	5.485	2.12	1	2.12	2.65	NA	0	0.2	0	192	0	0	0	0
Argentina	66	1962	1	0	1	0	0	0	1	4.17	23	1.3421	5.49	20.1	7.05	NA	NA	NA	2.65	NA	0	0.6	0	192	0	0	0	0
Argentina	66	1963	1	1	0	0	0	0	1	8.35	23	1.3421	5.57	11.1	5.98	4.87	8.9	5.06	3.9	NA	1	1	1	192	0	0	0	0
Argentina	66	1965	1	0	0	0	0	0	1	4.17	23	1.3421	4.87	10.6	5.155	4.62	1.6	4.62	3.9	NA	0	0.33	0	192	0	0	0	0
Argentina	66	1973	1	1	0	0	0	0	1	10.13	24	1.3421	3.19	0.2	3.19	2.9	6.2	2.94	2.66	18	1	1	1	243	0	0	0	0
Argentina	66	1983	1	1	0	0	0	0	1	10.58	24	1.3421	2.63	0	2.63	2.19	0	2.19	2.3	18	1	1	1	254	0	0	0	0
Argentina	66	1985	1	0	0	0	1	0	1	5.29	24	1.3421	4.24	1.9	4.24	3.36	0	3.36	2.3	9	0	0.33	0	254	0	0	0	0
Argentina	66	1987	1	0	0	0	0	0	1	5.52	23	1.3421	3.14	0.75	3.14	2.63	0	2.63	2.3	5	0	0.33	0	252	0	0	0	0
Argentina	66	1989	1	1	0	0	0	0	1	5.29	24	1.3421	3.35	0.66	3.35	2.71	0	2.71	2.91	9	0	1	1	254	0	0	0	0
Argentina	66	1991	1	0	0	0	0	0	1	5.29	24	1.3421	3.57	1.07	3.57	2.91	4.8	2.93	2.91	5	0	0.33	0	254	0	0	0	0
Argentina	66	1993	1	0	0	0	0	0	1	5.29	24	1.3421	3.37	0.53	3.37	2.7	0	2.7	2.91	9	0	0.33	0	257	0	0	0	0
Argentina	66	1995	1	1	0	0	0	1	1	5.42	24	1.3421	3.58	1.65	3.58	2.81	0.8	2.81	2.75	5	0	1	1	257	0	0	0	0
Argentina	66	1997	1	0	0	0	0	0	1	5.29	24	1.3421	3.65	5.83	3.65	3.33	0	3.33	2.75	9	0	0	0	257	0	0	0	0
Argentina	66	1999	1	1	0	0	0	0	1	5.42	24	1.3421	3.15	8.61	3.225	2.57	0	2.57	2.56	5	0	1	1	257	0	0	0	0
Armenia	145	1995	1	0	0	0	0	1	0	1	150	1.15447	4.18	6.11	4.235	2.21	23.7	2.52	1.39	1	1	0.6	0	190	40	21.05	0	0
Armenia	145	1999	1	0	0	0	0	0	0	1	75	1.15447	4.77	0	4.77	3.97	0	3.97	3.64	1	0	0.6	0	131	56	42.74	0	0
Australia	129	1946	1	0	0	0	0	0	1	1	75	1.1744	2.74	2.3	2.74	2.4	1.4	2.4	0	1	0	0	0	75	0	0	0	0
Australia	129	1949	1	0	0	0	0	0	1	1	123	1.1744	2.64	2.2	2.64	2.62	0	2.62	0	1	0	0	0	123	0	0	0	0
Australia	129	1951	1	0	0	0	0	0	1	1	123	1.1744	2.49	1	2.49	2.56	0	2.56	0	1	0	0	0	123	0	0	0	0
Australia	129	1954	1	0	0	0	0	0	1	1	123	1.1744	2.46	1.7	2.46	2.55	0	2.55	0	1	0	0	0	123	0	0	0	0
Australia	129	1955	1	0	0	0	0	0	1	1	124	1.1744	2.73	1.4	2.735	2.58	0	2.58	0	1	0	0	0	124	0	0	0	0
Australia	129	1958	1	0	0	0	0	0	1	1	124	1.1744	2.97	0.7	2.97	2.59	0	2.59	0	1	0	0	0	124	0	0	0	0
Australia	129	1961	1	0	0	0	0	0	1	1	124	1.1744	2.81	0.9	2.81	2.52	0	2.52	0	1	0	0	0	124	0	0	0	0
Australia	129	1963	1	0	0	0	0	0	1	1	124	1.1744	2.79	0.5	2.79	2.66	0	2.66	0	1	0	0	0	124	0	0	0	0
Australia	129	1966	1	0	0	0	0	0	1	1	124	1.1744	2.98	1.5	2.98	2.63	0.8	2.63	0	1	0	0	0	124	0	0	0	0
Australia	129	1969	1	0	0	0	0	0	1	1	125	1.1744	2.83	2.7	2.83	2.61	0	2.61	0	1	0	0	0	125	0	0	0	0
Australia	129	1972	1	0	0	0	0	0	1	1	125	1.1744	2.77	1.1	2.77	2.47	0	2.47	0	1	0	0	0	125	0	0	0	0
Australia	129	1974	1	0	0	0	0	0	1	1	125	1.1744	2.66	0.4	2.66	2.52	0	2.52	0	1	0	0	0	125	0	0	0	0
Australia	129	1975	1	0	0	0	0	0	1	1	127	1.1744	2.69	1.4	2.7	2.51	0	2.51	0	1	0	0	0	127	0	0	0	0
Australia	129	1977	1	0	0	0	0	0	1	1	124	1.1744	3.11	1.1	3.115	2.45	0	2.45	0	1	0	0	0	124	0	0	0	0
Australia	129	1980	1	0	0	0	0	0	1	1	125	1.1744	2.81	1.3	2.81	2.64	0	2.64	0	1	0	0	0	125	0	0	0	0
Australia	129	1983	1	0	0	0	0	0	1	1	125	1.1744	2.67	1.4	2.67	2.23	0	2.23	0	1	0	0	0	125	0	0	0	0
Australia	129	1984	1	0	0	0	1	0	1	1	148	1.1744	2.79	1.1	2.79	2.38	0	2.38	0	1	0	0	0	148	0	0	0	0
Australia	129	1987	1	0	0	0	0	0	1	1	148	1.1744	2.9	2	3.02	2.28	0	2.28	0	1	0	0	0	148	0	0	0	0
Australia	129	1990	1	0	0	0	0	0	1	1	148	1.1744	3.33	5.9	3.34	2.35	0.7	2.35	0	1	0	0	0	148	0	0	0	0
Australia	129	1993	1	0	0	0	0	0	1	1	147	1.1744	2.87	7.1	2.88	2.38	1.4	2.39	0	1	0	0	0	147	0	0	0	0
Australia	129	1996	1	0	0	0	0	1	1	1	148	1.1744	3.19	4.06	3.21	2.62	3.4	2.62	0	1	0	0	0	148	0	0	0	0
Australia	129	1998	1	0	0	0	0	0	1	1	148	1.1744	3.46	1.91	3.46	2.48	0.7	2.48	0	1	0	0	0	148	0	0	0	0
Austria	101	1949	1	0	0	0	0	0	1	6.6	25	1.14368	2.78	0.5	2.78	2.54	0	2.54	0	NA	0	0	0	165	21	12.73	0	0
Austria	101	1953	1	0	0	0	0	0	1	6.6	25	1.14368	2.76	0.4	2.76	2.48	0	2.48	2.93	NA	0	0.33	0	165	24	14.55	0	0
Austria	101	1956	1	0	0	0	0	0	1	6.6	25	1.14368	2.48	0.1	2.48	2.23	0	2.23	2.93	NA	0	0.67	0	165	18	10.91	0	0
Austria	101	1959	1	0	0	0	0	0	1	6.6	25	1.14368	2.48	0.1	2.48	2.2	0	2.2	2	NA	0	0.33	0	165	20	12.12	0	0
Austria	101	1962	1	0	0	0	0	0	1	6.6	25	1.14368	2.47	0.5	2.47	2.19	0	2.19	2	NA	0	0.67	0	165	17	10.3	0	0
Austria	101	1966	1	0	0	0	0	0	1	6.6	25	1.14368	2.39	0	2.39	2.14	0	2.14	2	NA	0	0.67	0	165	14	8.48	0	0
Austria	101	1970	1	0	0	0	0	0	1	6.6	25	1.14368	2.29	0	2.29	2.12	0	2.12	2	23	0	0.67	0	165	14	8.48	0	0
Austria	101	1971	1	1	0	0	0	0	1	20.33	9	1.14368	2.28	0	2.28	2.21	0	2.21	1.99	27	0	1	1	183	16	8.74	0	0
Austria	101	1975	1	0	0	0	0	0	1	20.33	9	1.14368	2.27	0	2.27	2.21	0	2.21	2	29	0	0.67	0	183	12	6.56	0	0
Austria	101	1979	1	0	0	0	0	0	1	20.33	9	1.14368	2.28	0	2.28	2.22	0	2.22	2	29	0	0.67	0	183	14	7.65	0	0
Austria	101	1983	1	0	0	0	0	0	1	20.33	9	1.14368	2.4	0.2	2.4	2.26	0	2.26	1.5	28	0	0	0	183	19	10.38	0	0
Austria	101	1986	1	1	0	0	1	0	1	20.33	9	1.14368	2.72	0.3	2.72	2.63	0	2.63	2.27	29	0	1	1	183	21	11.48	0	0
Austria	101	1990	1	0	0	0	0	0	1	20.33	9	1.14368	3.17	0.5	3.17	2.99	0	2.99	2.27	28	0	0.33	0	183	25	13.66	0	0
Austria	101	1994	1	0	0	0	0	0	1	4.26	43	1.14368	3.87	0	3.87	3.73	0	3.73	2.99	3	0	0.33	0	183	92	50.27	0	0
Austria	101	1995	1	0	0	0	0	1	1	4.26	43	1.14368	3.59	0	3.59	3.49	0	3.49	2.99	5	0	0	0	183	86	46.99	0	0
Austria	101	1999	1	0	0	0	0	0	1	4.26	43	1.14368	3.82	0	3.82	3.41	0	3.41	2.26	5	0	0.66	0	183	84	45.9	0	0
Bahamas, The	49	1977	1	0	0	0	0	0	1	1	38	NA	2.52	2.7	2.52	1.53	0	1.53	0	1	1	0	0	38	0	0	0	0
Bahamas, The	49	1982	1	0	0	0	0	0	1	1	43	NA	2.03	1.7	2.03	1.62	0	1.62	0	1	0	0	0	43	0	0	0	0
Bahamas, The	49	1987	1	0	0	0	1	0	1	1	49	NA	2.11	3.1	2.11	1.96	4.1	1.97	0	1	0	0	0	49	0	0	0	0
Bahamas, The	49	1992	1	0	0	0	0	0	1	1	49	NA	1.99	0	1.99	1.79	0	1.79	0	1	0	0	0	49	0	0	0	0
Bahamas, The	49	1997	1	0	0	0	0	1	1	1	40	NA	NA	NA	NA	1.34	0	1.34	0	1	0	0	0	40	0	0	0	0
Bangladesh	78	1991	1	0	0	0	0	0	0	1	300	1.28758	4.61	4.39	4.65	3.11	1	3.11	0	1	1	0	0	300	0	0	0	0
Bangladesh	78	1996	1	0	0	0	0	1	0	1	300	1.28758	NA	NA	NA	1.16	3.3	NA	0	1	0	0	0	300	0	0	1	1
Bangladesh	78	1996	1	0	0	0	0	0	0	1	300	1.28758	3.48	1.06	3.48	2.51	0.3	2.51	0	1	0	0	0	300	0	0	1	0
Barbados	50	1966	1	0	0	0	0	0	1	2	12	NA	2.72	7.3	2.76	2.18	8.3	2.2	0	2	1	0	0	24	0	0	0	0
Barbados	50	1971	1	0	0	0	0	0	1	1	24	NA	1.96	0.2	1.96	1.6	0	1.6	0	1	0	0	0	24	0	0	0	0
Barbados	50	1976	1	0	0	0	0	0	1	1	24	NA	2.03	0.3	2.03	1.7	0	1.7	0	1	0	0	0	24	0	0	0	0
Barbados	50	1981	1	0	0	0	0	0	1	1	27	NA	2.02	0.7	2.02	1.87	0	1.87	0	1	0	0	0	27	0	0	0	0
Barbados	50	1986	1	0	0	0	1	0	1	1	27	NA	1.93	0.2	1.93	1.25	0	1.25	0	1	0	0	0	27	0	0	0	0
Barbados	50	1991	1	0	0	0	0	0	1	1	28	NA	2.29	0.4	2.29	1.85	0	1.85	0	1	0	0	0	28	0	0	0	0
Barbados	50	1994	1	0	0	0	0	1	1	1	28	NA	2.48	0.4	2.48	1.84	0	1.84	0	1	0	0	0	28	0	0	0	0
Barbados	50	1999	1	0	0	0	0	0	1	1	28	NA	1.84	0	1.84	1.15	0	1.15	0	1	0	0	0	28	0	0	0	0
Belgium	102	1946	1	0	0	0	0	0	1	6.73	30	2.30947	3.28	0.5	3.28	2.91	0	2.91	0	6	0	0	0	202	NA	NA	0	0
Belgium	102	1949	1	0	0	0	0	0	1	7.1	30	2.30947	3.26	1.8	3.26	2.75	0	2.75	0	6	0	0	0	212	NA	NA	0	0
Belgium	102	1950	1	0	0	0	0	0	1	7.1	30	2.30947	2.76	0	2.76	2.5	0	2.5	0	6	0	0	0	212	NA	NA	0	0
Belgium	102	1954	1	0	0	0	0	0	1	7.1	30	2.30947	3.08	0.6	3.08	2.63	0	2.63	0	6	0	0	0	212	NA	NA	0	0
Belgium	102	1958	1	0	0	0	0	0	1	7.1	30	2.30947	2.79	0.7	2.79	2.45	0	2.45	0	6	0	0	0	212	NA	NA	0	0
Belgium	102	1961	1	0	0	0	0	0	1	7.1	30	2.30947	3.08	2.1	3.08	2.69	0.5	2.69	0	6	0	0	0	212	NA	NA	0	0
Belgium	102	1965	1	0	0	0	0	0	1	7.1	30	2.30947	3.96	2	3.96	3.59	0	3.59	0	7	0	0	0	212	NA	NA	0	0
Belgium	102	1968	1	0	0	0	0	0	1	7.1	30	2.30947	6.92	0.3	6.92	6.57	0	6.57	0	7	0	0	0	212	NA	NA	0	0
Belgium	102	1971	1	0	0	0	0	0	1	7.1	30	2.30947	6.41	0.7	6.42	5.89	0	5.89	0	7	0	0	0	212	NA	NA	0	0
Belgium	102	1974	1	0	0	0	0	0	1	7.1	30	2.30947	6.1	0.9	6.1	5.85	0	5.85	0	7	0	0	0	212	NA	NA	0	0
Belgium	102	1977	1	0	0	0	0	0	1	7.1	30	2.30947	5.7	0.2	5.7	5.26	0	5.26	0	7	0	0	0	212	NA	NA	0	0
Belgium	102	1978	1	0	0	0	0	0	1	7.1	30	2.30947	7.52	0.4	7.52	6.79	0	6.79	0	7	0	0	0	212	NA	NA	0	0
Belgium	102	1981	1	0	0	0	0	0	1	7.1	30	2.30947	8.99	1	9	7.63	0	7.63	0	7	0	0	0	212	NA	NA	0	0
Belgium	102	1985	1	0	0	0	1	0	1	7.1	30	2.30947	8.13	1.2	8.14	7.01	0	7.01	0	8	0	0	0	212	NA	NA	0	0
Belgium	102	1987	1	0	0	0	0	0	1	7.1	30	2.30947	8.12	0.4	8.12	7.13	0	7.13	0	8	0	0	0	212	NA	NA	0	0
Belgium	102	1991	1	0	0	0	0	0	1	7.1	30	2.30947	9.81	0.5	9.81	8.41	0	8.41	0	8	0	0	0	212	NA	NA	0	0
Belgium	102	1995	1	0	0	0	0	1	1	7.5	20	2.30947	9.35	0.7	9.35	8.05	0	8.05	0	9	0	0	0	150	NA	NA	0	0
Belgium	102	1999	1	0	0	0	0	0	1	7.5	20	2.30947	10.29	0	10.29	9.05	0	9.05	0	9	0	0	0	150	NA	NA	0	0
Belize	51	1984	1	0	0	0	1	0	1	1	28	NA	2.06	0.4	2.06	1.6	0	1.6	0	1	1	0	0	28	0	0	0	0
Belize	51	1989	1	0	0	0	0	0	1	1	28	NA	2.07	0.1	2.07	1.99	0	1.99	0	1	0	0	0	28	0	0	0	0
Belize	51	1993	1	0	0	0	0	1	1	1	29	NA	2.03	0.1	2.03	1.98	0	1.98	0	1	0	0	0	29	0	0	0	0
Belize	51	1998	1	0	0	0	0	0	1	1	29	NA	1.98	0.4	1.98	1.23	0	1.23	0	1	0	0	0	29	0	0	0	0
Benin	3	1991	1	1	0	0	0	0	0	10.67	6	2.64745	9.62	0	9.62	8.76	0	8.76	4.29	11	1	1	1	64	0	0	0	0
Benin	3	1995	1	0	0	0	0	1	0	4.67	18	2.64745	13.77	4.6	14.125	6.69	0	6.69	4.29	5	0	0.6	0	84	0	0	0	0
Benin	3	1999	1	0	0	0	0	0	0	3.5	24	2.64745	3.91	41.17	10.38	4.81	23.8	6.28	3.48	4	0	0.2	0	84	0	0	0	0
Bolivia	67	1979	1	1	0	0	0	0	1	13	9	3.89712	3.5	0	3.5	3.3	0	3.3	3.5	NA	1	1	1	117	0	0	0	0
Bolivia	67	1980	1	1	1	0	0	0	1	14.44	9	3.89712	4.35	0	4.35	4.13	0	4.13	4.35	17.5	0	1	1	130	0	0	0	0
Bolivia	67	1985	1	1	0	0	1	0	1	14.44	9	3.89712	4.53	5.12	4.585	4.31	0	4.31	4.53	17.5	1	1	1	130	0	0	0	0
Bolivia	67	1989	1	1	0	0	0	0	1	14.44	9	3.89712	5.01	0	5.01	3.92	0	3.92	5	17.5	0	1	1	130	0	0	0	0
Bolivia	67	1993	1	1	0	0	0	1	1	14.44	9	3.89712	4.66	1.64	4.665	3.74	0	3.74	4.66	NA	0	1	1	130	0	0	0	0
Bolivia	67	1997	1	1	0	0	0	0	1	1	68	3.89712	5.92	0.48	5.92	5.36	0	5.36	5.92	1	0	1	1	130	62	47.69	0	0
Brazil	68	1947	1	0	0	0	0	0	1	13	22	2.21976	3.59	0	3.59	2.65	NA	NA	2.3	NA	0	0.2	0	286	0	0	0	0
Brazil	68	1950	1	1	0	0	0	0	1	12.16	25	2.21976	7.11	0	7.11	4.11	0	4.11	2.68	NA	0	1	1	304	0	0	0	0
Brazil	68	1954	1	0	0	0	0	0	1	13.04	25	2.21976	8.69	0	8.69	4.59	1.8	4.59	2.68	NA	0	0.6	0	326	0	0	0	0
Brazil	68	1958	1	0	0	0	0	0	1	13.04	25	2.21976	9.82	0	9.82	3.64	23	4.49	2.97	NA	0	0.2	0	326	0	0	0	0
Brazil	68	1962	1	0	0	0	0	0	1	15.56	25	2.21976	11.17	0	11.17	4.05	16.5	4.56	2.65	NA	0	0.2	0	389	0	0	0	0
Brazil	68	1982	1	0	0	0	0	0	1	19.16	25	2.21976	2.65	0	2.65	2.39	0	2.39	0	32	1	0	0	479	0	0	0	0
Brazil	68	1986	1	0	0	0	1	0	1	18.73	26	2.21976	3.55	1.52	3.555	2.83	0	2.83	0	30	0	0	0	487	0	0	0	0
Brazil	68	1990	1	0	0	0	0	0	1	18.63	27	2.21976	9.79	0.76	9.79	8.69	0	8.69	5.69	30	0	0.6	0	503	0	0	0	0
Brazil	68	1994	1	1	0	0	0	1	1	19	27	2.21976	8.53	0.15	8.53	8.16	0	8.16	2.65	30	0	1	1	513	0	0	0	0
Brazil	68	1998	1	1	0	0	0	0	1	19	27	2.21976	8.14	1.14	8.14	7.11	0	7.11	2.53	30	0	1	1	513	0	0	0	0
Bulgaria	103	1990	1	0	0	0	0	0	0	1	200	1.42752	2.75	0.72	2.75	2.42	0.5	2.42	0	1	1	0	0	400	200	50	0	0
Bulgaria	103	1991	1	0	0	0	0	0	0	7.74	31	1.42752	4.12	6.44	4.185	2.41	0	2.41	0	NA	0	0	0	240	0	0	0	0
Bulgaria	103	1994	1	0	0	0	0	1	0	7.74	31	1.42752	3.81	5.18	3.845	2.73	0	2.73	3.11	NA	0	0	0	240	0	0	0	0
Bulgaria	103	1997	1	0	0	0	0	0	0	7.74	31	1.42752	3.02	3.97	3.03	2.52	0	2.52	3.16	NA	0	0.6	0	240	0	0	0	0
Canada	52	1949	1	0	0	0	0	0	1	1	262	2.47733	2.83	3.1	2.835	1.75	1.9	1.75	0	1	0	0	0	262	0	0	0	0
Canada	52	1953	1	0	0	0	0	0	1	1	265	2.47733	2.85	2.5	2.855	2.15	1.9	2.16	0	1	0	0	0	265	0	0	0	0
Canada	52	1957	1	0	0	0	0	0	1	1	265	2.47733	2.98	2.7	2.99	2.86	1.5	2.86	0	1	0	0	0	265	0	0	0	0
Canada	52	1958	1	0	0	0	0	0	1	1	265	2.47733	2.44	0.6	2.44	1.54	0	1.54	0	1	0	0	0	265	0	0	0	0
Canada	52	1962	1	0	0	0	0	0	1	1	265	2.47733	3.23	0.3	3.23	2.84	0	2.84	0	1	0	0	0	265	0	0	0	0
Canada	52	1963	1	0	0	0	0	0	1	1	265	2.47733	3.2	0.3	3.2	2.65	0	2.65	0	1	0	0	0	265	0	0	0	0
Canada	52	1965	1	0	0	0	0	0	1	1	265	2.47733	3.31	1.1	3.31	2.59	0.8	2.59	0	1	0	0	0	265	0	0	0	0
Canada	52	1968	1	0	0	0	0	0	1	1	264	2.47733	2.97	0.8	2.97	2.33	0.4	2.33	0	1	0	0	0	264	0	0	0	0
Canada	52	1972	1	0	0	0	0	0	1	1	264	2.47733	3.25	1.1	3.25	2.84	0.8	2.84	0	1	0	0	0	264	0	0	0	0
Canada	52	1974	1	0	0	0	0	0	1	1	264	2.47733	2.96	0.8	2.96	2.38	0.4	2.38	0	1	0	0	0	264	0	0	0	0
Canada	52	1979	1	0	0	0	0	0	1	1	282	2.47733	3.09	0.9	3.09	2.45	0	2.45	0	1	0	0	0	282	0	0	0	0
Canada	52	1980	1	0	0	0	0	0	1	1	282	2.47733	2.93	0.7	2.93	2.4	0	2.4	0	1	0	0	0	282	0	0	0	0
Canada	52	1984	1	0	0	0	1	0	1	1	282	2.47733	2.75	0.7	2.75	1.69	0.4	1.69	0	1	0	0	0	282	0	0	0	0
Canada	52	1988	1	0	0	0	0	0	1	1	295	2.47733	3.04	1.4	3.04	2.33	0	2.33	0	1	0	0	0	295	0	0	0	0
Canada	52	1993	1	0	0	0	0	1	1	1	295	2.47733	3.92	3.6	3.93	2.35	0	2.35	0	1	0	0	0	295	0	0	0	0
Canada	52	1997	1	0	0	0	0	1	1	1	301	2.47733	4.08	1.6	4.085	2.98	0.3	2.98	0	1	0	0	0	301	0	0	0	0
Canada	52	2000	1	0	0	0	0	0	1	1	301	2.47733	3.77	1.5	3.77	2.54	0	2.54	0	1	0	0	0	301	0	0	0	0
Cape Verde	8	1991	1	1	0	0	0	0	0	3.16	25	NA	1.81	0	1.81	1.7	0	1.7	1.64	5	1	1	1	79	0	0	0	0
Cape Verde	8	1995	1	0	0	0	0	1	0	3.79	19	NA	2.13	0	2.13	1.76	0	1.76	1.64	4	0	0.6	0	72	0	0	0	0
Central African Republic	9	1993	1	1	0	0	0	1	0	1	85	4.77669	NA	NA	NA	4.74	5.9	4.76	4.12	1	1	1	1	85	0	0	0	0
Central African Republic	9	1998	1	0	0	0	0	0	0	1	109	4.77669	4.19	6	4.25	4.18	6.4	4.25	4.12	1	0	0.67	0	109	0	0	0	0
Chile	69	1949	1	0	0	0	0	0	1	5.25	28	1.98807	7.05	0	7.05	6.04	2	6.05	1.97	NA	0	0	0	147	0	0	0	0
Chile	69	1953	1	0	0	0	0	0	1	5.25	28	1.98807	11.56	4.9	11.88	9.02	0.7	9.02	2.95	NA	0	0.67	0	147	0	0	0	0
Chile	69	1957	1	0	0	0	0	0	1	5.25	28	1.98807	8.59	2	8.62	6.74	1.4	6.75	2.95	NA	0	0.67	0	147	0	0	0	0
Chile	69	1961	1	0	0	0	0	0	1	5.25	28	1.98807	6.44	0.2	6.44	5.9	0	5.9	3.97	6	0	0	0	147	0	0	0	0
Chile	69	1965	1	0	0	0	0	0	1	5.25	28	1.98807	4.06	0.2	4.06	2.8	0	2.8	2.14	NA	0	0.67	0	147	0	0	0	0
Chile	69	1969	1	0	0	0	0	0	1	5.36	28	1.98807	4.92	0.1	4.92	4.09	0	4.09	2.14	NA	0	0.67	0	150	0	0	0	0
Chile	69	1973	1	0	1	0	0	0	1	5.24	29	1.98807	5.3	0	5.3	5.12	5.1	5.18	2.96	NA	0	0.67	0	152	0	0	0	0
Chile	69	1993	1	1	0	0	0	1	0	2	60	1.98807	6.55	0	6.55	4.86	0	4.86	2.47	2	1	1	1	120	0	0	0	0
Chile	69	1997	1	0	0	0	0	0	0	2	60	1.98807	6.95	0	6.95	5.02	0	5.02	2.47	2	0	0.33	0	120	0	0	0	0
Colombia	70	1947	1	0	0	0	0	0	1	NA	NA	2.90698	2.01	0	2.01	1.97	0	1.97	2.9	NA	0	0.33	0	131	0	0	0	0
Colombia	70	1949	1	1	1	0	0	0	1	NA	NA	2.90698	2.01	0	2.01	2	0	2	NA	NA	0	1	1	132	0	0	0	0
Colombia	70	1958	1	1	0	0	0	0	1	NA	NA	2.90698	2.43	0.9	2.43	2.65	0	2.65	1.47	NA	1	1	1	146	NA	NA	0	0
Colombia	70	1960	1	0	0	0	0	0	1	NA	NA	2.90698	3.44	0.1	3.44	3.56	0	3.56	1.47	NA	0	0	0	150	NA	NA	0	0
Colombia	70	1962	1	1	0	0	0	0	1	NA	NA	2.90698	3.96	0.3	3.96	4.02	0	4.02	2.18	NA	0	1	1	184	NA	NA	0	0
Colombia	70	1964	1	0	0	0	0	0	1	NA	NA	2.90698	3.76	1	3.76	3.75	0	3.75	2.18	NA	0	0	0	184	NA	NA	0	0
Colombia	70	1966	1	1	0	0	0	0	1	NA	NA	2.90698	4.45	0.8	4.45	4.43	0	4.43	1.68	NA	0	1	1	190	NA	NA	0	0
Colombia	70	1968	1	0	0	0	0	0	1	NA	NA	2.90698	4.12	0.8	4.12	4.24	0	4.24	1.68	NA	0	0	0	204	NA	NA	0	0
Colombia	70	1970	1	1	0	0	0	0	1	NA	NA	2.90698	5.88	2.5	5.9	5.91	0	5.91	2.95	NA	0	1	1	210	NA	NA	0	0
Colombia	70	1974	1	1	0	0	0	0	1	7.65	26	2.90698	2.37	0	2.37	2.29	0	2.29	2.35	NA	0	1	1	199	0	0	0	0
Colombia	70	1978	1	1	0	0	0	0	1	7.65	26	2.90698	2.17	1.19	2.17	2.06	0	2.06	2.16	NA	0	1	1	199	0	0	0	0
Colombia	70	1982	1	1	0	0	0	0	1	7.65	26	2.90698	2.08	0.94	2.08	1.98	0	1.98	2.5	NA	0	1	1	199	0	0	0	0
Colombia	70	1986	1	1	0	0	1	0	1	7.65	26	2.90698	2.66	6.44	2.685	2.45	5.5	2.47	2.1	8	0	1	1	199	0	0	0	0
Colombia	70	1990	1	1	0	0	0	0	1	7.65	26	2.90698	2.2	7.05	2.23	2.17	7	2.2	3.04	9	0	1	1	199	0	0	0	0
Colombia	70	1991	1	0	0	0	0	0	1	4.88	33	2.90698	3.3	4.78	3.33	2.99	2.5	3	3.04	6	0	0.5	0	161	0	0	0	0
Colombia	70	1994	1	1	0	0	0	1	1	4.88	33	2.90698	2.64	6.64	2.67	2.75	7.4	2.79	2.41	6	0	1	1	161	0	0	0	0
Colombia	70	1998	1	1	0	0	0	0	1	4.88	33	2.90698	3.5	17.25	3.9	3.16	4.4	3.18	3.14	6	0	1	1	161	0	0	0	0
Comoros	11	1992	1	0	0	0	0	0	0	1	42	NA	14.89	12	17.37	5.29	33.3	11.7	6.12	1	1	0.33	0	42	0	0	0	0
Comoros	11	1993	1	0	0	0	0	0	0	1	42	NA	NA	NA	NA	2.16	0	2.16	6.12	1	0	0	0	42	0	0	0	0
Congo	12	1963	1	0	1	0	0	0	1	6.88	6	8.17661	1	0	1	1	0	1	1	NA	1	0	0	55	0	0	0	0
Congo	12	1992	1	1	0	0	0	0	0	1	125	8.17661	NA	NA	NA	5.47	4.8	5.54	4.65	1	1	1	1	125	0	0	0	0
Congo	12	1993	1	0	0	0	0	1	0	1	125	8.17661	NA	NA	NA	4.62	1.6	4.63	4.65	1	0	0.6	0	125	0	0	0	0
Costa Rica	53	1948	1	1	1	0	0	0	1	6.43	7	1.31165	NA	NA	NA	1.67	0	1.67	1.98	NA	1	1	1	45	0	0	0	0
Costa Rica	53	1953	1	1	0	0	0	0	1	6.43	7	1.31165	2.11	0	2.11	1.97	0	1.97	1.84	NA	1	1	1	45	0	0	0	0
Costa Rica	53	1958	1	1	0	0	0	0	1	6.43	7	1.31165	3.57	1.4	3.57	3.22	0	3.22	2.44	NA	0	1	1	45	0	0	0	0
Costa Rica	53	1962	1	1	0	0	0	0	1	8.14	7	1.31165	2.71	1	2.71	2.61	0	2.61	2.52	NA	0	1	1	57	0	0	0	0
Costa Rica	53	1966	1	1	0	0	0	0	1	8.14	7	1.31165	2.33	0	2.33	2.14	0	2.14	1.9998	NA	0	1	1	57	0	0	0	0
Costa Rica	53	1970	1	1	0	0	0	0	1	8.14	7	1.31165	2.56	0.5	2.56	2.15	0	2.15	2.13	NA	0	1	1	57	0	0	0	0
Costa Rica	53	1974	1	1	0	0	0	0	1	8.14	7	1.31165	4.01	1.2	4.01	3.13	0	3.13	3.3	NA	0	1	1	57	0	0	0	0
Costa Rica	53	1978	1	1	0	0	0	0	1	8.14	7	1.31165	2.88	3	2.88	2.38	0	2.38	2.23	NA	0	1	1	57	0	0	0	0
Costa Rica	53	1982	1	1	0	0	0	0	1	8.14	7	1.31165	2.53	0.98	2.53	2.27	0	2.27	2.17	NA	0	1	1	57	0	0	0	0
Costa Rica	53	1986	1	1	0	0	1	0	1	8.14	7	1.31165	2.48	1.8	2.485	2.21	0	2.21	2.07	10	0	1	1	57	0	0	0	0
Costa Rica	53	1990	1	1	0	0	0	0	1	8.14	7	1.31165	2.55	3.12	2.56	2.21	0	2.21	2.05	10	0	1	1	57	0	0	0	0
Costa Rica	53	1994	1	1	0	0	0	1	1	8.14	7	1.31165	2.77	3.71	2.78	2.29	0	2.29	2.11	10	0	1	1	57	0	0	0	0
Costa Rica	53	1998	1	1	0	0	0	0	1	8.14	7	1.31165	3.35	4.23	3.37	2.56	0	2.56	2.38	10	0	1	1	57	0	0	0	0
Croatia	153	1992	1	1	0	0	0	0	0	1	64	1.6004	4.19	3	4.205	2.69	3.6	2.7	2.64	1	1	1	1	138	74	55.07	0	0
Croatia	153	1995	1	0	0	0	0	1	0	1	28	1.6004	3.77	3	3.785	2.63	3.1	2.64	2.64	1	0	0.2	0	127	99	77.95	0	0
Croatia	153	2000	1	1	0	0	0	0	0	14	10	1.6004	3.89	13.33	3.89	2.71	0	2.71	3.35	14	0	1	1	151	11	7.28	0	0
Cuba	154	1946	1	0	0	0	0	0	1	NA	NA	1.27129	NA	NA	NA	3.64	0	3.64	NA	NA	0	0	0	66	NA	NA	0	0
Cuba	154	1948	1	1	0	0	0	0	1	NA	NA	1.27129	NA	NA	NA	3.88	0	3.88	2.98	NA	0	1	1	70	NA	NA	0	0
Cuba	154	1950	1	0	0	0	0	0	1	NA	NA	1.27129	NA	NA	NA	4.17	0	4.17	2.98	NA	0	0	0	66	NA	NA	0	0
Cyprus	187	1960	1	0	0	0	0	0	1	5.83	6	1.56055	NA	NA	NA	1.47	0	1.47	1.83	7	1	0	0	35	0	0	0	0
Cyprus	187	1970	1	0	0	0	0	0	1	5.83	6	1.56055	3.5	5.1	3.515	3.37	5.7	3.39	1.08	NA	0	0.73	0	35	0	0	0	0
Cyprus	187	1976	1	0	0	0	0	0	1	5.83	6	1.56055	1.83	6.4	1.84	1.06	0	1.06	1.08	NA	0	0.07	0	35	0	0	0	0
Cyprus	187	1981	1	0	0	0	1	0	1	5.83	6	1.56055	3.85	7.6	3.895	3.39	0	3.45	1.08	NA	0	0.73	0	35	0	0	0	0
Czech Republic	155	1996	1	0	0	0	0	1	0	25	8	1.47405	5.33	0	5.33	4.15	0	4.15	0	24	1	0	0	200	NA	NA	0	0
Czech Republic	155	1998	1	0	0	0	0	0	0	25	8	1.47405	4.72	0	4.72	3.71	0	3.71	0	25	0	0	0	200	NA	NA	0	0
Czechoslovakia	104	1990	1	0	0	0	0	0	0	12.5	12	2.01875	5.99	0	5.99	4	0	4	0	NA	1	0	0	150	13	8.66	0	0
Czechoslovakia	104	1992	1	0	0	0	0	0	0	12.5	12	2.01875	10.99	0	10.99	6.08	0	6.08	0	NA	0	0	0	150	22	14.67	0	0
Denmark	105	1947	1	0	0	0	0	0	1	5.09	23	1.14619	3.8	0.2	3.8	3.56	0	3.56	0	6	0	0	0	148	31	20.9	0	0
Denmark	105	1950	1	0	0	0	0	0	1	4.57	23	1.14619	4.01	0	4.01	3.98	0	3.98	0	5	0	0	0	149	44	29.5	0	0
Denmark	105	1953	1	0	0	0	0	0	1	4.57	23	1.14619	3.92	0	3.92	3.85	0	3.85	0	5	0	0	0	149	44	29.5	1	1
Denmark	105	1953	1	0	0	0	0	0	1	5.87	23	1.14619	3.82	0	3.82	3.63	0	3.63	0	6	0	0	0	175	40	22.9	1	0
Denmark	105	1957	1	0	0	0	0	0	1	5.87	23	1.14619	3.9	0	3.9	3.77	0	3.77	0	6	0	0	0	175	40	22.9	0	0
Denmark	105	1960	1	0	0	0	0	0	1	5.87	23	1.14619	3.81	0	3.81	3.6	0	3.6	0	6	0	0	0	175	40	22.9	0	0
Denmark	105	1964	1	0	0	0	0	0	1	5.87	23	1.14619	3.75	0.4	3.75	3.51	0	3.51	0	6	0	0	0	175	40	22.9	0	0
Denmark	105	1966	1	0	0	0	0	0	1	5.87	23	1.14619	4.22	0	4.22	3.97	0	3.97	0	6	0	0	0	175	40	22.9	0	0
Denmark	105	1968	1	0	0	0	0	0	1	5.87	23	1.14619	4.56	0	4.56	4.24	0	4.24	0	6	0	0	0	175	40	22.9	0	0
Denmark	105	1971	1	0	0	0	0	0	1	7.94	17	1.14619	4.52	0	4.52	3.94	0	3.94	0	8	0	0	0	175	40	22.9	0	0
Denmark	105	1973	1	0	0	0	0	0	1	7.94	17	1.14619	7.11	0	7.11	6.89	0	6.89	0	8	0	0	0	175	40	22.9	0	0
Denmark	105	1975	1	0	0	0	0	0	1	7.94	17	1.14619	5.6	0	5.6	5.42	0	5.42	0	8	0	0	0	175	40	22.9	0	0
Denmark	105	1977	1	0	0	0	0	0	1	7.94	17	1.14619	5.23	0.9	5.23	5.2	0	5.2	0	8	0	0	0	175	40	22.9	0	0
Denmark	105	1979	1	0	0	0	0	0	1	7.94	17	1.14619	4.99	0.4	4.99	4.82	0	4.82	0	8	0	0	0	175	40	22.9	0	0
Denmark	105	1981	1	0	0	0	0	0	1	7.94	17	1.14619	5.76	0.2	5.76	5.47	0	5.47	0	8	0	0	0	175	40	22.9	0	0
Denmark	105	1984	1	0	0	0	1	0	1	7.94	17	1.14619	5.25	0.1	5.25	5.04	0	5.04	0	8	0	0	0	175	40	22.9	0	0
Denmark	105	1987	1	0	0	0	0	0	1	7.94	17	1.14619	5.83	0.4	5.83	5.31	0	5.31	0	8	0	0	0	175	40	22.9	0	0
Denmark	105	1988	1	0	0	0	0	0	1	7.94	17	1.14619	5.83	0.1	5.83	5.32	0	5.32	0	8	0	0	0	175	40	22.9	0	0
Denmark	105	1990	1	0	0	0	0	0	1	7.94	17	1.14619	4.84	0.3	4.84	4.37	0	4.37	0	8	0	0	0	175	40	22.9	0	0
Denmark	105	1994	1	0	0	0	0	1	1	7.94	17	1.14619	4.76	1	4.76	4.54	0.6	4.54	0	8	0	0	0	175	40	22.9	0	0
Denmark	105	1998	1	0	0	0	0	0	1	7.94	17	1.14619	4.74	0.1	4.74	4.71	0	4.71	0	8	0	0	0	175	40	22.9	0	0
Dominica	157	1980	1	0	0	0	0	0	1	1	21	1.63079	2.95	3.8	2.96	1.48	9.5	1.49	0	1	1	0	0	21	0	0	0	0
Dominica	157	1985	1	0	0	0	1	0	1	1	21	1.63079	2.1	2.3	2.11	1.76	0	1.76	0	1	0	0	0	21	0	0	0	0
Dominica	157	1990	1	0	0	0	0	0	1	1	21	1.63079	2.69	0	2.69	2.55	0	2.55	0	1	0	0	0	21	0	0	0	0
Dominica	157	1995	1	0	0	0	0	0	1	1	21	1.63079	2.99	0.2	2.99	2.58	0	2.58	0	1	0	0	0	21	0	0	0	0
Dominica	157	2000	1	0	0	0	0	0	1	1	21	1.63079	2.55	0	2.55	2.38	0	2.38	0	1	0	0	0	21	0	0	0	0
Dominican Republic	54	1966	1	1	0	0	0	0	1	2.47	27	NA	2.2	0	2.2	1.84	0	1.84	2.09	2	1	1	1	74	0	0	0	0
Dominican Republic	54	1970	1	1	0	0	0	0	1	2.74	27	NA	2.9	0	2.9	2.3	0	2.3	3.12	2	0	1	1	74	0	0	0	0
Dominican Republic	54	1974	1	1	0	0	0	0	1	3.37	27	NA	1.35	0	1.35	1.12	0	1.12	1.35	4	0	1	1	91	0	0	0	0
Dominican Republic	54	1978	1	1	0	0	0	0	1	3.37	27	NA	2.23	6.2	2.24	1.99	0	1.99	2.7	4	0	1	1	91	0	0	0	0
Dominican Republic	54	1982	1	1	0	0	0	0	1	4.44	27	NA	2.76	0	2.76	2.25	0	2.25	2.71	5	0	1	1	120	0	0	0	0
Dominican Republic	54	1986	1	1	0	0	1	0	1	4	30	NA	3.19	1.18	3.19	2.53	0	2.53	2.78	5	0	1	1	120	0	0	0	0
Dominican Republic	54	1990	1	1	0	0	0	0	1	4	30	NA	3.22	2.35	3.23	3.05	0	3.05	3.38	5	0	1	1	120	0	0	0	0
Dominican Republic	54	1994	1	1	0	0	0	1	1	4	30	NA	2.71	0.75	2.71	2.43	0	2.43	2.71	5	0	1	1	120	0	0	0	0
Dominican Republic	54	1998	1	0	0	0	0	0	1	5	30	NA	2.73	2.22	2.74	2.32	0	2.32	2.6	6	0	0	0	150	0	0	0	0
Ecuador	71	1952	1	1	0	0	0	0	1	NA	NA	2.89855	2.43	57.1	10.61	NA	NA	NA	3.01	NA	1	1	1	NA	0	0	0	0
Ecuador	71	1954	1	0	0	0	0	0	1	NA	NA	2.89855	5.31	16.1	6.115	NA	NA	NA	3.01	NA	0	0	0	NA	0	0	0	0
Ecuador	71	1956	1	1	0	0	0	0	1	NA	NA	2.89855	NA	NA	NA	NA	NA	NA	3.88	NA	0	1	1	NA	0	0	0	0
Ecuador	71	1958	1	0	0	0	0	0	1	NA	NA	2.89855	5.79	2.4	5.8	NA	NA	NA	3.88	NA	0	0	0	NA	0	0	0	0
Ecuador	71	1960	1	1	0	0	0	0	1	NA	NA	2.89855	NA	NA	NA	NA	NA	NA	2.93	NA	0	1	1	NA	0	0	0	0
Ecuador	71	1962	1	0	0	0	0	0	1	NA	NA	2.89855	5.61	3.1	5.64	NA	NA	NA	2.93	NA	0	0	0	NA	0	0	0	0
Ecuador	71	1979	1	1	0	0	0	0	1	2.85	20	2.89855	6.4	0	6.4	3.95	0	3.95	4.76	NA	1	1	1	69	12	17.39	0	0
Ecuador	71	1984	1	1	0	0	0	0	1	2.95	20	2.89855	10.32	0	10.32	5.98	0	5.98	5.17	3	0	1	1	71	12	16.9	0	0
Ecuador	71	1986	1	0	0	0	1	0	1	2.95	20	2.89855	11.95	0	11.95	7.56	0	7.56	5.17	3	0	0	0	71	12	16.9	0	0
Ecuador	71	1988	1	1	0	0	0	0	1	2.95	20	2.89855	8.14	0	8.14	4.2	0	4.2	6.57	3	0	1	1	71	12	16.9	0	0
Ecuador	71	1990	1	0	0	0	0	0	1	2.86	21	2.89855	7.9	0	7.9	6.97	0	6.97	6.57	3	0	0	0	72	12	16.67	0	0
Ecuador	71	1992	1	1	0	0	0	0	1	3.1	21	2.89855	7.79	0	7.79	6.61	0	6.61	4.5	3	0	1	1	77	12	16.67	0	0
Ecuador	71	1994	1	0	0	0	0	0	1	3.1	21	2.89855	7.48	0.57	7.48	5.9	0	5.9	4.5	NA	0	0	0	77	12	16.67	0	0
Ecuador	71	1996	1	1	0	0	0	1	1	3.33	21	2.89855	6.43	1.3	6.43	5.11	0	5.11	4.82	3	0	1	1	82	12	14.63	0	0
Ecuador	71	1998	1	1	0	0	0	0	1	5	21	2.89855	6.18	0.4	6.18	5.45	8.3	5.66	4.1	5	0	1	1	125	20	16	0	0
El Salvador	55	1985	1	0	0	0	1	0	1	4.29	14	1.24657	2.68	0.5	2.68	2.56	0	2.56	3.16	4	1	0.6	0	60	0	0	0	0
El Salvador	55	1988	1	0	0	0	0	0	1	4.29	14	1.24657	2.75	0.7	2.75	2.41	0	2.41	3.16	4	0	0.6	0	60	0	0	0	0
El Salvador	55	1991	1	0	0	0	0	0	1	4.57	14	1.24657	3.34	0	3.34	3.01	0	3.01	2.35	4.5	0	0.2	0	84	20	23.8	0	0
El Salvador	55	1994	1	1	0	0	0	1	1	4.57	14	1.24657	3.48	0.7	3.48	3.06	0	3.06	3	4.5	0	1	1	84	20	23.8	0	0
El Salvador	55	1997	1	0	0	0	0	0	1	4.57	14	1.24657	3.95	0	3.95	4.17	0	4.17	3	4.5	0	0.2	0	84	20	23.8	0	0
El Salvador	55	2000	1	0	0	0	0	0	1	4.57	14	1.24657	3.68	0.41	3.68	3.47	0	3.47	2.74	4.5	0	0.6	0	84	20	23.8	0	0
Estonia	159	1992	1	0	0	0	0	0	0	8.42	12	2.0452	8.72	4.3	8.865	5.9	0	5.9	0	9	1	0	0	101	0	0	0	0
Estonia	159	1995	1	0	0	0	0	1	0	9.18	11	2.0452	5.93	0.3	5.93	4.15	0	4.15	0	10	0	0	0	101	0	0	0	0
Estonia	159	1999	1	0	0	0	0	0	0	9.18	11	2.0452	6.87	1.5	6.88	5.5	0	5.5	0	10	0	0	0	101	0	0	0	0
Finland	106	1948	1	0	0	0	0	0	1	13.3	15	1.15141	4.9	0.5	4.9	4.54	0	4.54	5.06	NA	0	0	0	200	0	0	0	0
Finland	106	1951	1	0	0	0	0	0	1	13.3	15	1.15141	4.96	0.3	4.96	4.78	0	4.78	5.13	NA	0	0.67	0	200	0	0	0	0
Finland	106	1954	1	0	0	0	0	0	1	13.3	15	1.15141	4.98	0.1	4.98	4.71	0	4.71	5.13	NA	0	0.33	0	200	0	0	0	0
Finland	106	1958	1	0	0	0	0	0	1	13.3	15	1.15141	5.19	0.5	5.19	4.87	0	4.87	4.98	NA	0	0.33	0	200	0	0	0	0
Finland	106	1962	1	1	0	0	0	0	1	13.3	15	1.15141	5.86	0.7	5.86	5.09	0	5.09	5.27	NA	0	1	1	200	0	0	0	0
Finland	106	1966	1	0	0	0	0	0	1	13.3	15	1.15141	5.22	0	5.22	4.96	0	4.96	5.27	NA	0	0.33	0	200	0	0	0	0
Finland	106	1970	1	0	0	0	0	0	1	13.3	15	1.15141	6.17	0.2	6.17	5.58	0	5.58	6.25	15	0	0.6	0	200	0	0	0	0
Finland	106	1972	1	0	0	0	0	0	1	13.3	15	1.15141	5.95	0	5.95	5.51	0	5.51	6.25	15	0	0.2	0	200	0	0	0	0
Finland	106	1975	1	0	0	0	0	0	1	13.3	15	1.15141	5.89	0.8	5.89	5.31	0	5.31	6.25	15	0	0.4	0	200	0	0	0	0
Finland	106	1979	1	0	0	0	0	0	1	13.3	15	1.15141	5.74	0.2	5.74	5.21	0	5.21	6.25	15	0	0.5	0	200	0	0	0	0
Finland	106	1983	1	0	0	0	1	0	1	13.3	15	1.15141	5.45	0.1	5.45	5.34	0	5.34	3.76	17	0	0.67	0	200	0	0	0	0
Finland	106	1987	1	0	0	0	0	0	1	13.3	15	1.15141	6.15	0.6	6.15	4.93	0	4.93	3.76	17	0	0.67	0	200	0	0	0	0
Finland	106	1991	1	0	0	0	0	0	1	13.3	15	1.15141	5.89	2.8	5.91	5.23	0	5.23	3.19	17	0	0	0	200	0	0	0	0
Finland	106	1995	1	0	0	0	0	1	1	13.3	15	1.15141	5.77	0.8	5.78	4.88	0	4.88	5.46	17	0	0.67	0	200	0	0	0	0
Finland	106	1999	1	0	0	0	0	0	1	13.3	15	1.15141	5.93	0	5.93	5.15	0	5.15	5.46	17	0	0.67	0	200	0	0	0	0
France	107	1946	1	0	0	0	0	0	1	5.33	102	1.37377	4.65	0.3	4.65	4.32	0	4.32	0	NA	1	0	0	544	0	0	0	0
France	107	1951	1	0	0	0	0	0	1	5.28	103	1.37377	5.4	0.6	5.4	5.92	0	5.92	0	NA	0	0	0	544	0	0	0	0
France	107	1956	1	0	0	0	0	0	1	5.28	103	1.37377	6.08	0.5	6.08	5.73	0	5.73	0	NA	0	0	0	544	0	0	0	0
France	107	1958	1	0	0	0	0	0	1	1	465	1.37377	6.08	0.5	6.08	3.44	0	3.44	0	1	0	0	0	465	0	0	0	0
France	107	1962	1	0	0	0	0	0	1	1	465	1.37377	4.93	0.1	4.93	3.43	0	3.43	0	1	0	0	0	465	0	0	0	0
France	107	1967	1	0	0	0	0	0	1	1	470	1.37377	4.55	0	4.55	3.77	0	3.77	3.06	1	0	0	0	470	0	0	0	0
France	107	1968	1	0	0	0	0	0	1	1	470	1.37377	4.32	0.5	4.32	2.49	0	2.49	3.06	1	0	0.5	0	470	0	0	0	0
France	107	1973	1	0	0	0	0	0	1	1	473	1.37377	5.68	0	5.68	4.53	0	4.53	3.3	1	0	0.6	0	473	0	0	0	0
France	107	1978	1	0	0	0	0	0	1	1	474	1.37377	5.08	0.1	5.08	4.19	0	4.19	3.15	1	0	0.14	0	474	0	0	0	0
France	107	1981	1	1	0	0	1	0	1	1	474	1.37377	4.14	0	4.14	2.68	0	2.68	4.86	1	0	1	1	474	0	0	0	0
France	107	1986	1	0	0	0	0	0	1	5.79	96	1.37377	4.66	0	4.66	3.9	0	3.9	4.86	7	0	0.43	0	556	0	0	0	0
France	107	1988	1	1	0	0	0	0	1	1	555	1.37377	4.38	0.1	4.38	3.07	0	3.07	4.77	1	0	1	1	555	0	0	0	0
France	107	1993	1	0	0	0	0	1	1	1	577	1.37377	6.71	1.2	6.71	2.86	0	2.86	4.77	1	0	0.43	0	577	0	0	0	0
France	107	1997	1	0	0	0	0	0	1	1	577	1.37377	6.54	1.9	6.55	3.54	0	3.54	5.95	1	0	0.43	0	577	0	0	0	0
Germany	191	1990	1	0	0	0	0	0	1	1	328	1.10488	3.75	0.2	3.75	3.17	0	3.17	0	1	0	0	0	662	334	50	0	0
Germany	191	1994	1	0	0	0	0	1	1	1	328	1.10488	3.74	0	3.74	3.45	0	3.45	0	1	0	0	0	672	344	50	0	0
Germany	191	1998	1	0	0	0	0	0	1	1	328	1.10488	3.79	0	3.79	3.31	0	3.31	0	1	0	0	0	669	341	50	0	0
Ghana	18	1979	1	1	0	0	0	0	1	1	140	6.49562	3.75	0.9	3.75	2.64	0	2.64	3.92	1	1	1	1	140	0	0	0	0
Greece	110	1946	1	0	0	0	0	0	1	9.32	38	1.06232	2.73	2.3	2.73	2.63	4.8	2.65	0	NA	1	0	0	354	NA	NA	0	0
Greece	110	1950	1	0	0	0	0	0	1	6.41	39	1.06232	7.93	3.4	7.99	5.72	0	5.72	0	NA	0	0	0	250	NA	NA	0	0
Greece	110	1951	1	0	0	0	0	0	1	6.29	41	1.06232	4.15	0.4	4.15	3.23	0	3.23	0	NA	0	0	0	258	NA	NA	0	0
Greece	110	1952	1	0	0	0	0	0	1	3.03	99	1.06232	2.7	5.3	2.715	1.45	0.7	1.45	0	NA	0	0	0	300	0	0	0	0
Greece	110	1956	1	0	0	0	0	0	1	7.32	41	1.06232	2.18	1.4	2.185	2.1	3.3	2.1	0	NA	0	0	0	300	0	0	0	0
Greece	110	1958	1	0	0	0	0	0	1	5.45	55	1.06232	3.52	0.2	3.52	2.44	0	2.44	0	NA	0	0	0	300	NA	NA	0	0
Greece	110	1961	1	0	0	0	0	0	1	5.45	55	1.06232	2.54	0.9	2.54	2.3	0	2.3	0	NA	0	0	0	300	NA	NA	0	0
Greece	110	1963	1	0	0	0	0	0	1	5.45	55	1.06232	2.83	0.5	2.83	2.42	0	2.42	0	NA	0	0	0	300	NA	NA	0	0
Greece	110	1964	1	0	0	0	0	0	1	5.45	55	1.06232	2.4	0.2	2.4	2.26	0	2.26	0	NA	0	0	0	300	NA	NA	0	0
Greece	110	1974	1	0	0	0	0	0	1	5.14	56	1.06232	2.75	1.1	2.75	1.73	0	1.73	0	6	1	0	0	300	124	41.3	0	0
Greece	110	1977	1	0	0	0	0	0	1	5.14	56	1.06232	3.74	0.9	3.74	2.35	0	2.35	0	6	0	0	0	300	68	22.7	0	0
Greece	110	1981	1	0	0	0	0	0	1	5.14	56	1.06232	2.68	0.5	2.68	2.1	0	2.1	0	6	0	0	0	300	68	22.7	0	0
Greece	110	1985	1	0	0	0	1	0	1	5.14	56	1.06232	2.59	0.5	2.59	2.14	0	2.14	0	6	0	0	0	300	68	22.7	0	0
Greece	110	1989	1	0	0	0	0	0	1	5.14	56	1.06232	2.73	0.8	2.73	2.4	0	2.4	0	6	0	0	0	300	68	22.7	1	1
Greece	110	1989	1	0	0	0	0	0	1	5.14	56	1.06232	2.55	1.5	2.56	2.32	0	2.32	0	6	0	0	0	300	68	22.7	1	0
Greece	110	1990	1	0	0	0	0	0	1	5.14	56	1.06232	2.63	0	2.63	2.37	0	2.37	0	6	0	0	0	300	68	22.7	0	0
Greece	110	1993	1	0	0	0	0	0	1	5.14	56	1.06232	2.63	0.9	2.63	2.17	0	2.17	0	6	0	0	0	300	68	22.7	0	0
Greece	110	1996	1	0	0	0	0	1	1	5.14	56	1.06232	3.06	2.3	3.065	2.36	0	2.36	0	6	0	0	0	300	68	22.7	0	0
Greece	110	2000	1	0	0	0	0	0	1	5.14	56	1.06232	2.64	2.1	2.64	2.21	0	2.21	0	6	0	0	0	300	68	22.7	0	0
Greek Cyprus	188	1985	1	0	0	0	1	0	1	9.33	6	NA	3.62	0.3	3.62	3.57	0	3.57	2.26	12	0	0.2	0	56	0	0	0	0
Greek Cyprus	188	1991	1	0	0	0	0	0	1	9.33	6	NA	3.67	0.2	3.67	3.51	0	3.51	3.51	12	0	0.2	0	56	0	0	0	0
Greek Cyprus	188	1996	1	0	0	0	0	1	1	9.33	6	NA	3.79	0.1	3.79	3.52	0	3.52	2.74	12	0	0.2	0	56	NA	NA	0	0
Grenada	56	1976	1	0	0	0	0	0	1	1	15	NA	2.07	1.97	2.075	1.92	0	1.92	0	1	1	0	0	15	0	0	0	0
Grenada	56	1984	1	0	0	0	1	0	1	1	15	NA	2.11	0.3	2.11	1.14	0	1.14	0	1	1	0	0	15	0	0	0	0
Grenada	56	1990	1	0	0	0	0	0	1	1	15	NA	3.85	0	3.85	3.08	0	3.08	0	1	0	0	0	15	0	0	0	0
Grenada	56	1995	1	0	0	0	0	1	1	1	15	NA	3.65	2.25	3.66	2.42	0	2.42	0	1	0	0	0	15	0	0	0	0
Grenada	56	1999	1	0	0	0	0	0	1	1	15	NA	2.15	0.6	2.15	1	0	1	0	1	0	0	0	15	0	0	0	0
Guatemala	57	1950	1	1	0	0	0	0	1	3.09	22	1.97161	NA	NA	NA	5.01	NA	NA	2.13	NA	0	1	1	68	0	0	0	0
Guatemala	57	1953	1	0	0	0	0	0	1	3.09	22	1.97161	NA	NA	NA	3.77	NA	NA	2.13	NA	0	0.5	0	68	0	0	0	0
Guatemala	57	1958	1	0	0	0	0	0	1	3	22	1.97161	3.23	0	3.23	NA	NA	NA	NA	NA	1	0	0	66	0	0	0	0
Guatemala	57	1959	1	0	0	0	0	0	1	3	22	1.97161	5.29	0	5.29	4.44	NA	NA	NA	NA	0	0	0	66	0	0	0	0
Guatemala	57	1961	1	0	0	0	0	0	1	3	22	1.97161	2.89	0	2.89	NA	NA	NA	NA	NA	0	0	0	66	0	0	0	0
Guatemala	57	1966	1	1	0	0	0	0	1	2.5	22	1.97161	2.83	0	2.83	2.32	0	2.32	2.81	NA	1	1	1	55	0	0	0	0
Guatemala	57	1970	1	1	0	0	0	0	1	2.5	22	1.97161	2.83	0	2.83	1.89	NA	NA	2.81	NA	0	1	1	55	0	0	0	0
Guatemala	57	1974	1	1	0	0	0	0	1	2.73	22	1.97161	NA	NA	NA	4.59	0	4.59	2.78	NA	0	1	1	60	0	0	0	0
Guatemala	57	1978	1	1	0	0	0	0	1	2.77	22	1.97161	NA	NA	NA	3.26	NA	NA	2.91	NA	0	1	1	61	0	0	0	0
Guatemala	57	1982	1	1	1	0	1	0	1	3	22	1.97161	NA	NA	NA	2.74	10.6	2.81	3.42	NA	0	1	1	66	0	0	0	0
Guatemala	57	1990	1	1	0	0	0	0	1	3.87	23	1.97161	7.01	3.09	7.06	4.43	0	4.43	5.27	NA	1	1	1	116	27	23.27	0	0
Guatemala	57	1994	1	0	0	0	0	0	1	2.78	23	1.97161	5.67	1.49	5.7	3.47	0	3.47	5.27	NA	0	0.6	0	80	16	20	0	0
Guatemala	57	1995	1	1	0	0	0	1	1	2.78	23	1.97161	5.9	6.23	6.035	2.73	0	2.73	4.75	4	0	1	1	80	16	20	0	0
Guatemala	57	1999	1	1	0	0	0	0	1	3.96	23	1.97161	3.76	1.25	3.765	2.35	0	2.35	2.97	6	0	1	1	113	22	19.47	0	0
Guyana	72	1992	1	1	0	0	0	0	0	53	1	2.62856	2.15	2.3	2.15	1.53	0	1.53	2.15	53	1	1	1	53	0	0	0	0
Guyana	72	1997	1	1	0	0	0	1	0	53	1	2.62856	2.17	3	2.17	1.57	0	1.57	2.17	53	0	1	1	53	0	0	0	0
Haiti	58	1995	1	1	0	0	0	1	0	1	83	1.10497	NA	NA	NA	1.38	0	1.38	1.29	1	0	1	1	83	0	0	0	0
Haiti	58	2000	1	1	0	0	0	0	0	1	83	1.10497	NA	NA	NA	1.29	1.2	1.29	1.18	1	0	1	1	83	0	0	0	0
Honduras	59	1957	1	1	0	0	0	0	1	NA	NA	1.22701	2.09	NA	NA	2.06	NA	NA	NA	NA	1	1	1	58	0	0	0	0
Honduras	59	1971	1	1	0	0	0	0	1	NA	NA	1.22701	1.99	0	1.99	2	0	2	2	NA	1	1	1	64	0	0	0	0
Honduras	59	1985	1	1	0	0	1	0	1	7.11	18	1.22701	2.14	0	2.14	2.12	0	2.12	2.14	9	1	1	1	128	0	0	0	0
Honduras	59	1989	1	1	0	0	0	0	1	7.11	18	1.22701	2.13	0	2.13	2	0	2	2.13	9	0	1	1	128	0	0	0	0
Honduras	59	1993	1	1	0	0	0	1	1	7.11	18	1.22701	2.14	0	2.14	2.03	0	2.03	2.14	9	0	1	1	128	0	0	0	0
Honduras	59	1997	1	1	0	0	0	0	1	7.11	18	1.22701	2.38	0	2.38	2.18	0	2.18	2.17	9	0	1	1	128	0	0	0	0
Hungary	111	1990	1	0	0	0	0	0	0	1	176	1.22914	7.14	6.91	7.4	3.79	0	3.79	0	1	1	0	0	386	210	54.4	0	0
Hungary	111	1994	1	0	0	0	0	1	0	1	176	1.22914	5.97	2.26	5.99	2.9	0	2.9	0	1	0	0	0	386	210	54.4	0	0
Hungary	111	1998	1	0	0	0	0	0	0	1	176	1.22914	6.66	1.7	6.67	4.08	0.3	4.08	0	1	0	0	0	386	210	54.4	0	0
Iceland	112	1946	1	1	0	0	0	0	1	1.46	28	NA	3.58	0.1	3.58	3.6	0	3.6	1	1	0	0	0	52	11	21.15	0	0
Iceland	112	1949	1	0	0	0	0	0	1	1.46	28	NA	3.55	0	3.55	3.47	0	3.47	1	1	0	0	0	52	11	21.15	0	0
Iceland	112	1953	1	0	0	0	0	0	1	1.46	28	NA	4.16	0	4.16	3.44	0	3.44	2.25	1	0	0.5	0	52	11	21.15	0	0
Iceland	112	1956	1	1	0	0	0	0	1	1.46	28	NA	3.62	0	3.62	3.48	0	3.48	1	1	0	1	1	52	11	21.15	0	0
Iceland	112	1959	1	0	0	0	0	0	1	1.46	28	NA	3.4	0	3.4	3.2	0	3.2	1	1	0	0.5	0	52	11	21.15	1	1
Iceland	112	1959	1	0	0	0	0	0	1	6.13	8	NA	3.66	0	3.66	3.44	0	3.44	1	5	0	0.5	0	60	11	18.3	1	0
Iceland	112	1963	1	0	0	0	0	0	1	6.13	8	NA	3.37	0.2	3.37	3.33	0	3.33	1	5	0	0.5	0	60	11	18.3	0	0
Iceland	112	1967	1	0	0	0	0	0	1	6.13	8	NA	3.77	0	3.77	3.55	0	3.55	1	5	0	0.5	0	60	11	18.3	0	0
Iceland	112	1971	1	0	0	0	0	0	1	6.13	8	NA	4.1	0	4.1	3.85	0	3.85	1.82	5	0	0.5	0	60	11	18.3	0	0
Iceland	112	1974	1	0	0	0	0	0	1	6.13	8	NA	3.47	0.4	3.47	3.38	0	3.38	1	5	0	0	0	60	11	18.3	0	0
Iceland	112	1978	1	0	0	0	0	0	1	6.13	8	NA	4.2	2.2	4.205	3.85	0	3.85	1	5	0	0	0	60	11	18.3	0	0
Iceland	112	1979	1	0	0	0	0	0	1	6.13	8	NA	3.89	2.5	3.895	3.78	1.7	3.79	1	5	0	0.5	0	60	11	18.3	0	0
Iceland	112	1983	1	0	0	0	1	0	1	6.13	8	NA	4.26	1.1	4.26	4.07	0	4.07	3.6	5	0	0.5	0	60	11	18.3	0	0
Iceland	112	1987	1	0	0	0	0	0	1	6.25	8	NA	5.77	0	5.77	5.35	0	5.35	1	6	0	0.5	0	63	13	20.6	0	0
Iceland	112	1991	1	0	0	0	0	0	1	6.25	8	NA	4.22	0	4.22	3.77	0	3.77	1.11	5	0	0.5	0	63	13	20.6	0	0
Iceland	112	1995	1	0	0	0	0	1	1	6.25	8	NA	4.29	1.1	4.29	3.95	0	3.95	1	5	0	0.5	0	63	13	20.6	0	0
Iceland	112	1999	1	0	0	0	0	0	1	6.25	8	NA	3.55	0.8	3.55	3.45	0	3.45	3.04	5	0	0.5	0	63	13	20.6	0	0
India	80	1952	1	0	0	0	0	0	1	1.21	396	5.29069	3.82	19.7	4.485	1.77	8.1	1.79	0	1	1	0	0	479	0	0	0	0
India	80	1957	1	0	0	0	0	0	1	1.22	396	5.29069	3.4	20.2	3.935	1.76	8.7	1.79	0	1	0	0	0	482	0	0	0	0
India	80	1962	1	0	0	0	0	0	1	1	491	5.29069	4.15	11.7	4.4	1.85	4.7	1.86	0	1	0	0	0	491	0	0	0	0
India	80	1967	1	0	0	0	0	0	1	1	515	5.29069	4.67	14.7	5.185	3.13	7.6	3.19	0	1	0	0	0	515	0	0	0	0
India	80	1971	1	0	0	0	0	0	1	1	517	5.29069	4.38	11.1	4.625	2.12	4.1	2.12	0	1	0	0	0	517	0	0	0	0
India	80	1977	1	0	0	0	0	0	1	1	540	5.29069	3.35	6.8	3.4	2.62	2.2	2.62	0	1	0	0	0	540	0	0	0	0
India	80	1980	1	0	0	0	0	0	1	1	528	5.29069	4.13	8.1	4.245	2.16	2.5	2.16	0	1	0	0	0	528	0	0	0	0
India	80	1984	1	0	0	0	1	0	1	1	541	5.29069	3.83	9.9	3.98	1.69	1.5	1.69	0	1	0	0	0	541	0	0	0	0
India	80	1989	1	0	0	0	0	0	1	1	529	5.29069	4.74	5.3	4.8	4.11	0	4.11	0	1	0	0	0	529	0	0	0	0
India	80	1991	1	0	0	0	0	0	1	1	534	5.29069	5.08	4	5.12	3.6	0	3.6	0	1	0	0	0	534	0	0	0	0
India	80	1996	1	0	0	0	0	1	1	1	543	5.29069	5.38	30.9	7.36	5.82	0	5.82	0	1	0	0	0	543	0	0	0	0
India	80	1999	1	0	0	0	0	0	1	1	543	5.29069	6.7	2.7	6.74	5.86	0	5.86	0	1	0	0	0	543	0	0	0	0
Indonesia	81	1999	1	0	0	0	0	1	0	17.11	27	4.26956	5.05	4.5	5.05	4.67	0	4.67	0	24	1	0	0	462	0	0	0	0
Ireland	113	1948	1	0	0	0	0	0	1	3.68	40	1.20627	3.99	8.3	4.09	3.54	8.2	3.61	2.64	4	0	0.14	0	147	0	0	0	0
Ireland	113	1951	1	0	0	0	0	0	1	3.68	40	1.20627	3.27	9.6	3.355	3.16	9.5	3.25	2.64	4	0	0.71	0	147	0	0	0	0
Ireland	113	1954	1	0	0	0	0	0	1	3.68	40	1.20627	3.21	5.7	3.24	3.03	3.4	3.04	1	4	0	0.43	0	147	0	0	0	0
Ireland	113	1957	1	0	0	0	0	0	1	3.68	40	1.20627	3.12	6.4	3.155	2.72	5.4	2.74	1	4	0	0.43	0	147	0	0	0	0
Ireland	113	1961	1	0	0	0	0	0	1	3.79	38	1.20627	3.2	5.7	3.235	2.8	4.2	2.82	1.97	4	0	0.43	0	144	0	0	0	0
Ireland	113	1965	1	0	0	0	0	0	1	3.79	38	1.20627	2.72	2.1	2.72	2.63	1.4	2.63	1.97	4	0	0.71	0	144	0	0	0	0
Ireland	113	1969	1	0	0	0	0	0	1	3.4	42	1.20627	2.82	3.2	2.82	2.45	0.7	2.45	2	3	0	0.14	0	144	0	0	0	0
Ireland	113	1973	1	1	0	0	0	0	1	3.4	42	1.20627	2.8	3.9	2.81	2.58	1.4	2.58	2	3	0	1	1	144	0	0	0	0
Ireland	113	1977	1	0	0	0	0	0	1	3.5	42	1.20627	2.73	5.6	2.855	2.37	2.7	2.38	1	3	0	0.71	0	148	0	0	0	0
Ireland	113	1981	1	0	0	0	0	0	1	4	41	1.20627	2.85	3.7	2.86	2.61	2.4	2.61	1	4	0	0.43	0	166	0	0	0	0
Ireland	113	1982	1	0	0	0	0	0	1	4	41	1.20627	2.68	3.1	2.69	2.55	2.4	2.56	1	4	0	0.71	0	166	0	0	1	1
Ireland	113	1982	1	0	0	0	0	0	1	4	41	1.20627	2.71	2.3	2.72	2.55	1.8	2.55	1	4	0	0.71	0	166	0	0	1	0
Ireland	113	1987	1	0	0	0	1	0	1	4	41	1.20627	3.46	4	3.47	2.89	1.8	2.9	1	4	0	0.14	0	166	0	0	0	0
Ireland	113	1989	1	0	0	0	0	0	1	4	41	1.20627	3.36	3.3	3.375	2.97	2.4	2.98	1	4	0	0.71	0	166	0	0	0	0
Ireland	113	1992	1	0	0	0	0	0	1	4	41	1.20627	3.89	5.8	3.94	3.49	3	3.5	2.67	4	0	0.43	0	166	0	0	0	0
Ireland	113	1997	1	1	0	0	0	1	1	4	41	1.20627	3.95	7.2	4.025	2.99	3.6	3.01	3.16	4	0	1	1	166	0	0	0	0
Israel	84	1949	1	0	0	0	0	0	1	120	1	2.10763	5.36	4.5	5.405	4.73	0	4.73	0	120	1	0	0	120	0	0	0	0
Israel	84	1951	1	0	0	0	0	0	1	120	1	2.10763	5.13	0.6	5.13	4.83	0	4.83	0	120	0	0	0	120	0	0	0	0
Israel	84	1955	1	0	0	0	0	0	1	120	1	2.10763	6.34	2.4	6.355	6	0	6	0	120	0	0	0	120	0	0	0	0
Israel	84	1959	1	0	0	0	0	0	1	120	1	2.10763	5.17	3.4	5.205	4.92	0	4.92	0	120	0	0	0	120	0	0	0	0
Israel	84	1961	1	0	0	0	0	0	1	120	1	2.10763	5.51	0.7	5.51	5.37	0	5.37	0	120	0	0	0	120	0	0	0	0
Israel	84	1965	1	0	0	0	0	0	1	120	1	2.10763	4.92	1.9	4.93	5.37	0	5.37	0	120	0	0	0	120	0	0	0	0
Israel	84	1969	1	0	0	0	0	0	1	120	1	2.10763	3.63	1.2	3.63	3.57	0	3.57	0	120	0	0	0	120	0	0	0	0
Israel	84	1973	1	0	0	0	0	0	1	120	1	2.10763	3.81	5.1	3.845	3.35	0	3.35	0	120	0	0	0	120	0	0	0	0
Israel	84	1977	1	0	0	0	0	0	1	120	1	2.10763	5.01	2.7	5.025	4.37	0	4.37	0	120	0	0	0	120	0	0	0	0
Israel	84	1981	1	0	0	0	0	0	1	120	1	2.10763	3.56	5.2	3.585	3.13	0	3.13	0	120	0	0	0	120	0	0	0	0
Israel	84	1984	1	0	0	0	1	0	1	120	1	2.10763	4.3	2.9	4.315	3.86	0	3.86	0	120	0	0	0	120	0	0	0	0
Israel	84	1988	1	0	0	0	0	0	1	120	1	2.10763	5.01	2.4	5.025	4.38	0	4.38	0	120	0	0	0	120	0	0	0	0
Israel	84	1992	1	0	0	0	0	0	1	120	1	2.10763	4.87	4.8	4.91	4.39	0	4.39	0	120	0	0	0	120	0	0	0	0
Israel	84	1996	1	0	0	0	0	1	1	120	1	2.10763	5.85	0.3	5.85	5.62	0	5.62	0	120	0	0	0	120	0	0	0	0
Israel	84	1999	1	0	0	0	0	0	1	120	1	2.10763	9.74	6.7	10.115	8.69	0	8.69	0	120	0	0	0	120	0	0	0	0
Italy	114	1948	1	0	0	0	0	0	1	18.52	31	1.04123	2.94	1.1	2.94	2.88	0.2	2.88	0	NA	1	0	0	574	NA	NA	0	0
Italy	114	1953	1	0	0	0	0	0	1	19.03	31	1.04123	4.17	2.2	4.18	3.54	0	3.54	0	NA	0	0	0	590	NA	NA	0	0
Italy	114	1958	1	0	0	0	0	0	1	18.63	32	1.04123	3.87	0.3	3.87	3.46	0	3.46	0	NA	0	0	0	596	NA	NA	0	0
Italy	114	1963	1	0	0	0	0	0	1	19.69	32	1.04123	4.15	0.9	4.15	3.74	0	3.74	0	NA	0	0	0	630	NA	NA	0	0
Italy	114	1968	1	0	0	0	0	0	1	19.69	32	1.04123	3.95	0.9	3.95	3.53	0	3.53	0	NA	0	0	0	630	NA	NA	0	0
Italy	114	1972	1	0	0	0	0	0	1	19.69	32	1.04123	4.07	0.5	4.07	3.55	0	3.55	0	24	0	0	0	630	66	10.5	0	0
Italy	114	1976	1	0	0	0	0	0	1	19.69	32	1.04123	3.39	0.2	3.39	3.17	0.2	3.17	0	23	0	0	0	630	60	9.5	0	0
Italy	114	1979	1	0	0	0	0	0	1	19.69	32	1.04123	3.91	1.6	3.91	3.47	0	3.47	0	23	0	0	0	630	76	12.1	0	0
Italy	114	1983	1	0	0	0	1	0	1	19.69	32	1.04123	4.51	0.3	4.51	4.11	0	4.11	0	24	0	0	0	630	75	11.9	0	0
Italy	114	1987	1	0	0	0	0	0	1	19.69	32	1.04123	4.61	0.7	4.61	4.08	0	4.08	0	22	0	0	0	630	91	14.4	0	0
Italy	114	1992	1	0	0	0	0	0	1	19.69	32	1.04123	6.56	3.7	6.62	5.73	0	5.73	0	25	0	0	0	630	125	19.8	0	0
Italy	114	1994	1	0	0	0	0	0	1	1	475	1.04123	7.57	0	7.57	7.59	0	7.59	0	1	0	0	0	630	155	24.6	0	0
Italy	114	1996	1	0	0	0	0	1	1	1	475	1.04123	7.05	1.1	7.06	6.07	0	6.07	0	1	0	0	0	630	155	24.6	0	0
Jamaica	60	1962	1	0	0	0	0	0	1	1	45	1.19962	2.06	0.5	2.06	1.95	0	1.95	0	1	1	0	0	45	0	0	0	0
Jamaica	60	1967	1	0	0	0	0	0	1	1	53	1.19962	2.01	0.3	2.01	1.89	0	1.89	0	1	0	0	0	53	0	0	0	0
Jamaica	60	1972	1	0	0	0	0	0	1	1	53	1.19962	1.97	0.2	1.97	1.73	0	1.73	0	1	0	0	0	53	0	0	0	0
Jamaica	60	1976	1	0	0	0	0	0	1	1	60	1.19962	1.96	0	1.96	1.51	0	1.51	0	1	0	0	0	60	0	0	0	0
Jamaica	60	1980	1	0	0	0	0	0	1	1	60	1.19962	1.94	0.1	1.94	1.34	0	1.34	0	1	0	0	0	60	0	0	0	0
Jamaica	60	1983	1	0	0	0	0	0	1	1	60	1.19962	1.23	6	1.23	1	0	1	0	1	0	0	0	60	0	0	0	0
Jamaica	60	1989	1	0	0	0	1	0	1	1	60	1.19962	1.97	0.1	1.97	1.6	0	1.6	0	1	0	0	0	60	0	0	0	0
Jamaica	60	1993	1	0	0	0	0	1	1	1	60	1.19962	1.91	0	1.91	1.26	0	1.26	0	1	0	0	0	60	0	0	0	0
Jamaica	60	1997	1	0	0	0	0	0	1	1	60	1.19962	2.14	0	2.14	1.38	0	1.38	0	1	0	0	0	60	0	0	0	0
Japan	85	1947	1	0	0	0	0	0	1	3.98	117	1.01211	4.54	10.1	4.61	3.87	5.6	3.89	0	NA	1	0	0	466	0	0	0	0
Japan	85	1949	1	0	0	0	0	0	1	3.98	117	1.01211	3.85	13.1	3.945	2.67	6.4	2.68	0	NA	0	0	0	466	0	0	0	0
Japan	85	1952	1	0	0	0	0	0	1	3.98	117	1.01211	3.37	8.1	3.41	2.96	4.1	2.97	0	NA	0	0	0	466	0	0	0	0
Japan	85	1953	1	0	0	0	0	0	1	3.98	117	1.01211	4.29	5.3	4.31	3.77	2.8	3.78	0	NA	0	0	0	466	0	0	0	0
Japan	85	1955	1	0	0	0	0	0	1	3.96	118	1.01211	3.99	5.4	4.01	3.66	2.2	3.66	0	NA	0	0	0	467	0	0	0	0
Japan	85	1958	1	0	0	0	0	0	1	3.96	118	1.01211	2.17	5.3	2.18	1.87	0.2	1.87	0	4	0	0	0	467	0	0	0	0
Japan	85	1960	1	0	0	0	0	0	1	3.96	118	1.01211	2.37	2.8	2.37	1.97	0.6	1.97	0	4	0	0	0	467	0	0	0	0
Japan	85	1963	1	0	0	0	0	0	1	3.96	118	1.01211	2.46	3.5	2.465	2.02	0.2	2.02	0	4	0	0	0	467	0	0	0	0
Japan	85	1967	1	0	0	0	0	0	1	3.95	123	1.01211	3	5.2	3.01	2.37	1	2.37	0	4	0	0	0	486	0	0	0	0
Japan	85	1969	1	0	0	0	0	0	1	3.95	123	1.01211	3.22	3.9	3.22	2.33	0.6	2.33	0	4	0	0	0	486	0	0	0	0
Japan	85	1972	1	0	0	0	0	0	1	3.96	124	1.01211	3.25	3.2	3.255	2.48	0	2.48	0	4	0	0	0	491	0	0	0	0
Japan	85	1976	1	0	0	0	0	0	1	3.93	130	1.01211	3.84	3.8	3.85	2.97	1	2.97	0	4	0	0	0	511	0	0	0	0
Japan	85	1979	1	0	0	0	0	0	1	3.93	130	1.01211	3.62	3.1	3.63	3.09	1	3.09	0	4	0	0	0	511	0	0	0	0
Japan	85	1980	1	0	0	0	0	0	1	3.93	130	1.01211	3.38	2.6	3.385	2.69	1.2	2.69	0	4	0	0	0	511	0	0	0	0
Japan	85	1983	1	0	0	0	0	0	1	3.93	130	1.01211	3.48	2.8	3.49	3.04	0.6	3.04	0	4	0	0	0	511	0	0	0	0
Japan	85	1986	1	0	0	0	1	0	1	3.94	130	1.01211	3.28	4.4	3.295	2.51	0.4	2.51	0	4	0	0	0	512	0	0	0	0
Japan	85	1990	1	0	0	0	0	0	1	3.94	130	1.01211	3.29	6.2	3.335	2.52	0.4	2.52	0	4	0	0	0	512	0	0	0	0
Japan	85	1993	1	0	0	0	0	0	1	3.96	129	1.01211	4.96	4.6	4.995	3.94	2.3	3.95	0	NA	0	0	0	511	0	0	0	0
Japan	85	1996	1	0	0	0	0	1	1	1	300	1.01211	3.89	6.7	3.915	2.94	2	2.94	0	1	0	0	0	500	200	40	0	0
Japan	85	2000	1	0	0	0	0	0	1	1	300	1.01211	3.76	8.2	3.8	3.16	4.3	3.17	0	1	0	0	0	480	180	37.5	0	0
Kiribati	163	1982	1	1	0	0	0	0	1	1.57	23	NA	NA	NA	NA	NA	NA	NA	NA	2	1	1	1	36	0	0	0	0
Kiribati	163	1983	1	1	0	0	0	0	1	1.57	23	NA	NA	NA	NA	NA	NA	NA	2.83	2	0	1	1	36	0	0	0	0
Kiribati	163	1987	1	1	0	0	1	0	1	1.7	23	NA	NA	NA	NA	NA	NA	NA	NA	2	0	1	1	39	0	0	0	0
Kiribati	163	1991	1	1	0	0	0	0	1	1.7	23	NA	NA	NA	NA	NA	NA	NA	NA	2	0	1	1	39	0	0	0	0
Kiribati	163	1994	1	1	0	0	0	1	1	1.7	23	NA	NA	NA	NA	NA	NA	NA	2.92	2	0	1	1	39	0	0	0	0
Kiribati	163	1998	1	1	0	0	0	0	1	1.7	23	NA	NA	NA	NA	NA	NA	NA	2.07	2	0	1	1	39	0	0	0	0
Korea, South (Rep.)	87	1960	1	1	0	0	0	0	1	1	233	1.00401	2.52	48.4	5.595	1.64	21	1.77	1	1	1	1	1	233	0	0	0	0
Korea, South (Rep.)	87	1988	1	0	0	0	1	0	1	1	224	1.00401	4.23	6.1	4.265	3.53	3	3.55	3.56	1	1	0.6	0	299	75	25.08	0	0
Korea, South (Rep.)	87	1992	1	1	0	0	0	0	1	1	237	1.00401	3.6	11.6	3.77	2.71	7	2.75	3.11	1	0	1	1	299	62	20.74	0	0
Korea, South (Rep.)	87	1996	1	0	0	0	0	1	1	1	253	1.00401	4.24	11.8	4.5	3.13	5.4	3.15	3.11	1	0	0.6	0	299	46	15.38	0	0
Korea, South (Rep.)	87	2000	1	0	0	0	0	0	1	1	227	1.00401	3.32	11.7	3.405	2.39	1.8	2.39	2.86	1	0	0.2	0	273	46	16.8	0	0
Kyrgyzstan	165	1995	1	1	0	0	0	1	0	1	70	3.11874	NA	NA	NA	1.34	86	178.65	1.58	1	1	1	1	70	0	0	0	0
Kyrgyzstan	165	2000	1	1	0	0	0	0	0	1	45	3.11874	6.6	8.5	6.9	1.99	69.5	44.89	1.73	1	0	1	1	60	15	25	0	0
Laos PDR	88	1955	1	0	0	0	0	0	1	NA	NA	1.92715	NA	NA	NA	2.67	12.8	2.77	0	NA	1	0	0	39	NA	NA	0	0
Latvia	166	1993	1	0	0	0	0	0	0	20	5	2.40993	6.21	0	6.21	5.05	0	5.05	0	NA	1	0	0	100	0	0	0	0
Latvia	166	1995	1	0	0	0	0	1	0	20	5	2.40993	9.61	0	9.61	7.59	0	7.59	0	NA	0	0	0	100	0	0	0	0
Latvia	166	1998	1	0	0	0	0	0	0	20	5	2.40993	6.94	0	6.94	5.49	0	5.49	0	NA	0	0	0	100	0	0	0	0
Lebanon	167	1947	1	0	0	0	0	0	1	11	5	4.54339	NA	NA	NA	16.03	0	16.03	0	12	0	0	0	55	0	0	0	0
Lebanon	167	1951	1	0	0	0	0	0	1	8.56	9	4.54339	NA	NA	NA	52.42	0	52.42	0	11	0	0	0	77	0	0	0	0
Lebanon	167	1953	1	0	0	0	0	0	1	1.33	33	4.54339	NA	NA	NA	34.59	0	34.59	0	1.5	0	0	0	44	0	0	0	0
Lebanon	167	1957	1	0	0	0	0	0	1	2.54	26	4.54339	NA	NA	NA	44.58	0	44.58	0	4	0	0	0	66	0	0	0	0
Lebanon	167	1960	1	0	0	0	0	0	1	3.81	26	4.54339	NA	NA	NA	45.74	0	45.74	0	5	0	0	0	99	0	0	0	0
Lebanon	167	1964	1	0	0	0	0	0	1	3.81	26	4.54339	NA	NA	NA	44.23	0	44.23	0	5	0	0	0	99	0	0	0	0
Lebanon	167	1968	1	0	0	0	0	0	1	3.81	26	4.54339	NA	NA	NA	33.12	0	33.12	0	5	0	0	0	99	0	0	0	0
Lebanon	167	1972	1	0	0	0	0	0	1	3.81	26	4.54339	NA	NA	NA	33.57	0	33.57	0	4	0	0	0	99	0	0	0	0
Liechtenstein	196	1993	1	0	0	0	0	1	0	12.5	2	NA	2.33	0	2.33	2.15	0	2.15	0	15	1	0	0	25	0	0	0	0
Liechtenstein	196	1997	1	0	0	0	0	0	0	12.5	2	NA	2.33	0	2.33	2.29	0	2.29	0	15	0	0	0	25	0	0	0	0
Lithuania	168	1992	1	0	0	0	0	0	0	1	71	1.50975	4.58	4.03	4.61	2.76	0.7	2.76	0	1	1	0	0	141	70	49.6	0	0
Lithuania	168	1996	1	0	0	0	0	1	0	1	71	1.50975	7.68	3.47	7.75	3.32	2.9	3.33	1.97	1	0	0.5	0	141	70	49.6	0	0
Lithuania	168	2000	1	0	0	0	0	0	0	1	71	1.50975	7.65	7.28	7.98	3.52	2.1	3.52	3.28	1	0	0	0	141	70	49.6	0	0
Luxembourg	115	1954	1	0	0	0	0	0	1	13	4	NA	3	0	3	2.68	0	2.68	0	NA	1	0	0	52	0	0	0	0
Luxembourg	115	1959	1	0	0	0	0	0	1	13	4	NA	3.26	0.5	3.26	3.14	0	3.14	0	16	0	0	0	52	0	0	0	0
Luxembourg	115	1964	1	0	0	0	0	0	1	14	4	NA	3.5	0	3.5	3.17	0	3.17	0	18	0	0	0	56	0	0	0	0
Luxembourg	115	1968	1	0	0	0	0	0	1	14	4	NA	3.49	0	3.49	3.41	0	3.41	0	18	0	0	0	56	0	0	0	0
Luxembourg	115	1974	1	0	0	0	0	0	1	14.8	4	NA	4.26	1	4.26	4.06	0	4.06	0	20	0	0	0	59	0	0	0	0
Luxembourg	115	1979	1	0	0	0	0	0	1	14.8	4	NA	4.16	0.4	4.16	3.46	0	3.46	0	20	0	0	0	59	0	0	0	0
Luxembourg	115	1984	1	0	0	0	1	0	1	16	4	NA	3.56	0.2	3.56	3.22	0	3.22	0	23	0	0	0	64	0	0	0	0
Luxembourg	115	1989	1	0	0	0	0	0	1	15	4	NA	4.65	1.1	4.655	3.77	0	3.77	0	21	0	0	0	60	0	0	0	0
Luxembourg	115	1994	1	0	0	0	0	1	1	15	4	NA	4.66	5.4	4.71	3.9	0	3.9	0	21	0	0	0	60	0	0	0	0
Luxembourg	115	1999	1	0	0	0	0	0	1	15	4	NA	4.62	0.7	4.62	4.34	0	4.34	0	21	0	0	0	60	0	0	0	0
Macedonia	169	1994	1	1	0	0	0	1	0	1	120	2.15008	3.2	8.4	3.255	3.18	9.2	3.23	1.51	1	1	1	1	120	0	0	0	0
Macedonia	169	1998	1	0	0	0	0	0	0	1	85	2.15008	5.01	5	5.05	2.93	0	2.93	1.51	1	0	0.6	0	120	35	29.17	0	0
Madagascar	25	1993	1	0	0	0	0	1	0	2.34	57	7.21928	NA	NA	NA	6.5	2.9	6.53	3.25	NA	1	0.5	0	138	0	0	0	0
Madagascar	25	1998	1	0	0	0	0	0	0	1.24	121	7.21928	NA	NA	NA	4.01	21.3	4.88	4.43	1	0	0.2	0	150	0	0	0	0
Malawi	26	1994	1	1	0	0	0	1	0	1	177	5.84453	2.74	0.2	2.74	2.69	0	2.69	2.7	1	1	1	1	177	0	0	0	0
Malawi	26	1999	1	1	0	0	0	0	0	1	192	5.84453	2.82	7.1	2.84	2.66	2.1	2.66	2.09	1	0	1	1	192	0	0	0	0
Mali	27	1992	1	1	0	0	0	0	0	2.11	55	4.07085	3.56	4.3	3.6	2.24	0	2.24	3.88	2	1	1	1	116	0	0	0	0
Mali	27	1997	1	1	0	0	0	0	0	2.67	55	4.07085	1.59	24.7	1.675	1.29	12.9	1.31	1.4	3	0	1	1	147	0	0	0	0
Malta	116	1966	1	0	0	0	0	0	1	5	10	NA	2.39	0.3	2.39	1.97	0	1.97	0	5	1	0	0	50	0	0	0	0
Malta	116	1971	1	0	0	0	0	0	1	5.5	10	NA	2.04	0.1	2.04	2	0	2	0	6	0	0	0	55	0	0	0	0
Malta	116	1976	1	0	0	0	0	0	1	5	13	NA	2	0	2	2	0	2	0	5	0	0	0	65	0	0	0	0
Malta	116	1981	1	0	0	0	0	0	1	5	13	NA	2	0	2	2	0	2	0	5	0	0	0	65	0	0	0	0
Malta	116	1987	1	0	0	0	1	0	1	5	13	NA	2.01	0.2	2.01	2	0	2	0	5	0	0	0	69	4	5.8	0	0
Malta	116	1992	1	0	0	0	0	0	1	5	13	NA	2.06	0	2.06	2	0	2	0	5	0	0	0	65	0	0	0	0
Malta	116	1996	1	0	0	0	0	1	1	5	13	NA	2.06	0	2.06	2	0	2	0	5	0	0	0	69	4	5.8	0	0
Malta	116	1998	1	0	0	0	0	0	1	5	13	NA	2.04	0	2.04	1.99	0	1.99	0	5	0	0	0	65	0	0	0	0
Marshall Islands	197	1991	1	0	0	0	0	0	0	1.38	24	NA	NA	NA	NA	NA	NA	NA	0	1	1	0	0	33	0	0	0	0
Marshall Islands	197	1995	1	0	0	0	0	1	0	1.38	24	NA	NA	NA	NA	NA	NA	NA	0	1	0	0	0	33	0	0	0	0
Marshall Islands	197	1999	1	0	0	0	0	0	0	1.38	24	NA	NA	NA	NA	NA	NA	NA	0	1	0	0	0	33	0	0	0	0
Mauritius	29	1976	1	0	0	0	0	0	1	2.95	21	2.71393	2.94	1.4	2.94	2.44	0	2.44	0	3	1	0	0	70	8	8.75	0	0
Mauritius	29	1982	1	0	0	0	0	0	1	2.95	21	2.71393	2.15	1.3	2.15	1.21	3	1.21	0	3	0	0	0	66	8	8.75	0	0
Mauritius	29	1983	1	0	0	0	1	0	1	2.95	21	2.71393	2.55	0.7	2.55	1.88	2.9	1.89	0	3	0	0	0	70	8	8.75	0	0
Mauritius	29	1987	1	0	0	0	0	0	1	2.95	21	2.71393	2.53	1	2.53	1.95	0	1.95	0	3	0	0	0	70	8	8.75	0	0
Mauritius	29	1991	1	0	0	0	0	0	1	2.95	21	2.71393	2.16	1.9	2.17	2.61	0	2.61	0	3	0	0	0	66	8	8.75	0	0
Mauritius	29	1995	1	0	0	0	0	1	1	2.95	21	2.71393	2.13	2.1	2.13	1.21	1.5	1.21	0	3	0	0	0	66	8	8.75	0	0
Mauritius	29	2000	1	0	0	0	0	0	1	2.95	21	2.71393	2.41	11.7	2.45	1.41	0	1.41	0	3	0	0	0	70	8	8.75	0	0
Mexico	61	2000	1	1	0	0	0	0	0	1	300	2.18235	3	0.08	3	2.55	0	2.55	2.83	1	0	1	1	500	200	40	0	0
Micronesia, Federated States of	189	1991	1	0	0	0	0	0	0	1	14	NA	NA	NA	NA	NA	NA	NA	0	1	1	0	0	14	0	0	0	0
Micronesia, Federated States of	189	1993	1	0	0	0	0	0	0	1	10	NA	NA	NA	NA	NA	NA	NA	0	1	0	0	0	10	0	0	0	0
Micronesia, Federated States of	189	1995	1	0	0	0	0	1	0	1	14	NA	NA	NA	NA	NA	NA	NA	0	1	0	0	0	14	0	0	0	0
Micronesia, Federated States of	189	1997	1	0	0	0	0	0	0	1	10	NA	NA	NA	NA	NA	NA	NA	0	1	0	0	0	10	0	0	0	0
Micronesia, Federated States of	189	1999	1	0	0	0	0	0	0	1	14	NA	NA	NA	NA	NA	NA	NA	0	1	0	0	0	14	0	0	0	0
Moldova	171	1998	1	0	0	0	0	0	0	104	1	2.04207	5.73	4	5.78	3.43	NA	NA	3.92	104	1	0.2	0	104	0	0	0	0
Mongolia	90	1992	1	0	0	0	0	0	0	2.92	26	1.3732	2.71	3	2.72	1.17	1.3	1.17	0	3	1	0	0	76	0	0	0	0
Mongolia	90	1996	1	0	0	0	0	1	0	1	76	1.3732	2.58	3.2	2.58	1.85	0	1.85	1.92	1	0	0.5	0	76	0	0	0	0
Mongolia	90	2000	1	0	0	0	0	0	0	1	76	1.3732	3.24	3.7	3.245	1.11	1.3	1.11	2.05	1	0	0.5	0	76	0	0	0	0
Myanmar	91	1951	1	0	0	0	0	0	1	1	250	2.0899	NA	NA	NA	2.59	NA	NA	0	NA	1	0	0	250	0	0	0	0
Myanmar	91	1956	1	0	0	0	0	0	1	1	250	2.0899	3.05	7.2	3.09	2.39	NA	NA	0	NA	0	0	0	250	0	0	0	0
Myanmar	91	1960	1	0	0	0	0	0	1	2.75	91	2.0899	2.41	NA	NA	2.05	NA	NA	0	NA	1	0	0	250	0	0	0	0
Namibia	172	1994	1	1	0	0	0	1	0	72	1	3.62855	1.69	0	1.69	1.71	0	1.71	1.57	72	1	1	1	72	0	0	0	0
Namibia	172	1999	1	1	0	0	0	0	0	72	1	3.62855	1.67	0.9	1.67	1.66	0	1.66	1.64	72	0	1	1	72	0	0	0	0
Nauru	146	1971	1	0	0	0	0	0	1	2.25	8	NA	NA	NA	NA	NA	NA	NA	0	2	0	0	0	18	0	0	0	0
Nauru	146	1973	1	0	0	0	0	0	1	2.25	8	NA	NA	NA	NA	NA	NA	NA	0	2	0	0	0	18	0	0	0	0
Nauru	146	1976	1	0	0	0	0	0	1	2.25	8	NA	NA	NA	NA	NA	NA	NA	0	2	0	0	0	18	0	0	0	0
Nauru	146	1977	1	0	0	0	0	0	1	2.25	8	NA	NA	NA	NA	NA	NA	NA	0	2	0	0	0	18	0	0	0	0
Nauru	146	1980	1	0	0	0	0	0	1	2.25	8	NA	NA	NA	NA	NA	NA	NA	0	2	0	0	0	18	0	0	0	0
Nauru	146	1983	1	0	0	0	0	0	1	2.25	8	NA	NA	NA	NA	NA	NA	NA	0	2	0	0	0	18	0	0	0	0
Nauru	146	1986	1	0	0	0	1	0	1	2.25	8	NA	NA	NA	NA	NA	NA	NA	0	2	0	0	0	18	0	0	0	0
Nauru	146	1987	1	0	0	0	0	0	1	2.25	8	NA	NA	NA	NA	NA	NA	NA	0	2	0	0	0	18	0	0	0	0
Nauru	146	1989	1	0	0	0	0	0	1	2.25	8	NA	NA	NA	NA	NA	NA	NA	0	2	0	0	0	18	0	0	0	0
Nauru	146	1992	1	0	0	0	0	0	1	2.25	8	NA	NA	NA	NA	NA	NA	NA	0	2	0	0	0	18	0	0	0	0
Nauru	146	1995	1	0	0	0	0	1	1	2.25	8	NA	NA	NA	NA	NA	NA	NA	0	2	0	0	0	18	0	0	0	0
Nauru	146	2000	1	0	0	0	0	0	1	2.25	8	NA	NA	NA	NA	NA	NA	NA	0	2	0	0	0	18	0	0	0	0
Nepal	92	1991	1	0	0	0	0	0	0	1	205	3.09289	3.89	5.1	3.92	2.47	1.5	2.47	0	1	1	0	0	205	0	0	0	0
Nepal	92	1994	1	0	0	0	0	1	0	1	205	3.09289	3.83	8.1	3.89	2.78	3.4	2.79	0	1	0	0	0	205	0	0	0	0
Nepal	92	1999	1	0	0	0	0	0	0	1	205	3.09289	3.89	3.6	3.905	2.4	0	2.4	0	1	0	0	0	205	0	0	0	0
Netherlands	117	1946	1	0	0	0	0	0	1	100	1	1.08319	4.68	1	4.68	4.47	0	4.47	0	100	0	0	0	100	0	0	0	0
Netherlands	117	1948	1	0	0	0	0	0	1	100	1	1.08319	4.98	1.6	4.985	4.68	0	4.68	0	100	0	0	0	100	0	0	0	0
Netherlands	117	1952	1	0	0	0	0	0	1	100	1	1.08319	4.99	1.4	5	4.65	0	4.65	0	100	0	0	0	100	0	0	0	0
Netherlands	117	1956	1	0	0	0	0	0	1	150	1	1.08319	4.26	0.8	4.26	4.07	0	4.07	0	150	0	0	0	150	0	0	0	0
Netherlands	117	1959	1	0	0	0	0	0	1	150	1	1.08319	4.46	0.6	4.46	4.14	0	4.14	0	150	0	0	0	150	0	0	0	0
Netherlands	117	1963	1	0	0	0	0	0	1	150	1	1.08319	4.79	1.6	4.8	4.5	0	4.5	0	150	0	0	0	150	0	0	0	0
Netherlands	117	1967	1	0	0	0	0	0	1	150	1	1.08319	6.2	2.6	6.21	5.71	0	5.71	0	150	0	0	0	150	0	0	0	0
Netherlands	117	1971	1	0	0	0	0	0	1	150	1	1.08319	7.09	2.1	7.11	6.4	0	6.4	0	150	0	0	0	150	0	0	0	0
Netherlands	117	1972	1	0	0	0	0	0	1	150	1	1.08319	6.85	0.6	6.85	6.41	0	6.41	0	150	0	0	0	150	0	0	0	0
Netherlands	117	1977	1	0	0	0	0	0	1	150	1	1.08319	3.96	0.9	3.96	3.7	0	3.7	0	150	0	0	0	150	0	0	0	0
Netherlands	117	1981	1	0	0	0	0	0	1	150	1	1.08319	4.56	0.7	4.56	4.3	0	4.3	0	150	0	0	0	150	0	0	0	0
Netherlands	117	1982	1	0	0	0	0	0	1	150	1	1.08319	4.23	1.4	4.24	4.02	0	4.02	0	150	0	0	0	150	0	0	0	0
Netherlands	117	1986	1	0	0	0	1	0	1	150	1	1.08319	3.77	1.1	3.77	3.49	0	3.49	0	150	0	0	0	150	0	0	0	0
Netherlands	117	1989	1	0	0	0	0	0	1	150	1	1.08319	3.9	0.9	3.9	3.75	0	3.75	0	150	0	0	0	150	0	0	0	0
Netherlands	117	1994	1	0	0	0	0	1	1	150	1	1.08319	5.7	1.8	5.71	5.41	0	5.41	0	150	0	0	0	150	0	0	0	0
Netherlands	117	1998	1	0	0	0	0	0	1	150	1	1.08319	5.13	2	5.14	4.81	0	4.81	0	150	0	0	0	150	0	0	0	0
New Zealand	131	1946	1	0	0	0	0	0	1	1	80	1.57101	2.01	0.2	2.01	2	0	2	0	1	0	0	0	80	0	0	0	0
New Zealand	131	1949	1	0	0	0	0	0	1	1	80	1.57101	2.03	0.6	2.03	1.96	0	1.96	0	1	0	0	0	80	0	0	0	0
New Zealand	131	1951	1	0	0	0	0	0	1	1	80	1.57101	1.99	0.1	1.99	1.88	0	1.88	0	1	0	0	0	80	0	0	0	0
New Zealand	131	1954	1	0	0	0	0	0	1	1	80	1.57101	2.48	0.4	2.48	1.97	0	1.97	0	1	0	0	0	80	0	0	0	0
New Zealand	131	1957	1	0	0	0	0	0	1	1	80	1.57101	2.3	0.2	2.3	1.99	0	1.99	0	1	0	0	0	80	0	0	0	0
New Zealand	131	1960	1	0	0	0	0	0	1	1	80	1.57101	2.37	0.2	2.37	1.96	0	1.96	0	1	0	0	0	80	0	0	0	0
New Zealand	131	1963	1	0	0	0	0	0	1	1	80	1.57101	2.39	1	2.39	1.97	0	1.97	0	1	0	0	0	80	0	0	0	0
New Zealand	131	1966	1	0	0	0	0	0	1	1	80	1.57101	2.61	0.3	2.61	2.02	0	2.02	0	1	0	0	0	80	0	0	0	0
New Zealand	131	1969	1	0	0	0	0	0	1	1	84	1.57101	2.45	1.5	2.45	1.99	0	1.99	0	1	0	0	0	84	0	0	0	0
New Zealand	131	1972	1	0	0	0	0	0	1	1	87	1.57101	2.43	1.5	2.43	1.87	0	1.87	0	1	0	0	0	87	0	0	0	0
New Zealand	131	1975	1	0	0	0	0	0	1	1	87	1.57101	2.55	0.2	2.55	1.87	0	1.87	0	1	0	0	0	87	0	0	0	0
New Zealand	131	1978	1	0	0	0	0	0	1	1	92	1.57101	2.87	1.3	2.87	2.02	0	2.02	0	1	0	0	0	92	0	0	0	0
New Zealand	131	1981	1	0	0	0	0	0	1	1	92	1.57101	2.89	1.4	2.89	2.08	0	2.08	0	1	0	0	0	92	0	0	0	0
New Zealand	131	1984	1	0	0	0	1	0	1	1	95	1.57101	2.99	0.7	2.99	1.98	0	1.98	0	1	0	0	0	95	0	0	0	0
New Zealand	131	1987	1	0	0	0	0	0	1	1	97	1.57101	2.34	1.4	2.34	1.94	0	1.94	0	1	0	0	0	97	0	0	0	0
New Zealand	131	1990	1	0	0	0	0	0	1	1	97	1.57101	2.78	2.2	2.78	1.76	0	1.76	0	1	0	0	0	97	0	0	0	0
New Zealand	131	1993	1	0	0	0	0	0	1	1	99	1.57101	3.52	1.7	3.525	2.16	0	2.16	0	1	0	0	0	99	0	0	0	0
New Zealand	131	1996	1	0	0	0	0	1	1	1	65	1.57101	4.39	1.6	4.39	3.76	0	3.76	0	1	0	0	0	120	55	45.8	0	0
New Zealand	131	1999	1	0	0	0	0	0	1	1	65	1.57101	3.86	1.4	3.86	3.45	0	3.45	0	1	0	0	0	120	55	45.8	0	0
Nicaragua	62	1990	1	1	0	0	0	0	0	10	9	1.67168	2.18	2.5	2.19	2.05	0	2.05	2.14	14	1	1	1	90	0	0	0	0
Nicaragua	62	1996	1	1	0	0	0	0	0	4.12	17	1.67168	2.92	4.2	2.935	2.7	0	2.7	2.47	6	0	1	1	90	20	21.51	0	0
Niger	32	1993	1	1	0	0	0	0	0	9.38	8	2.75406	4.62	1.8	4.625	4.23	0	4.23	4.19	NA	1	1	1	83	8	9.64	0	0
Niger	32	1995	1	0	0	0	0	1	0	9.38	8	2.75406	NA	NA	NA	4.15	0	4.15	4.19	NA	0	0.33	0	83	8	9.64	0	0
Nigeria	33	1964	1	0	0	0	0	0	1	1	469	5.12295	3.91	2.2	3.92	2.85	0	2.85	0	1	1	0	0	469	0	0	0	0
Nigeria	33	1979	1	1	0	0	0	0	1	1	449	5.12295	3.71	23.8	4.345	3.96	0	3.96	4.03	1	1	1	1	449	0	0	0	0
Nigeria	33	1983	1	1	1	0	1	0	1	1	450	5.12295	NA	NA	NA	NA	NA	NA	2.9	1	0	1	1	450	0	0	0	0
Nigeria	33	1999	1	1	0	0	0	1	0	1	360	5.12295	2.32	0	2.32	2.33	2.5	2.34	1.88	1	1	1	1	360	0	0	0	0
Norway	118	1949	1	0	0	0	0	0	1	5.17	29	1.10803	3.76	0	3.76	2.67	0	2.67	0	NA	0	0	0	150	0	0	0	0
Norway	118	1953	1	0	0	0	0	0	1	7.5	20	1.10803	3.53	0	3.53	3.09	0	3.09	0	NA	0	0	0	150	0	0	0	0
Norway	118	1957	1	0	0	0	0	0	1	7.5	20	1.10803	3.44	0.2	3.44	2.99	0	2.99	0	NA	0	0	0	150	0	0	0	0
Norway	118	1961	1	0	0	0	0	0	1	7.5	20	1.10803	3.59	0.2	3.59	3.22	0	3.22	0	8	0	0	0	150	0	0	0	0
Norway	118	1965	1	0	0	0	0	0	1	7.5	20	1.10803	3.9	0	3.9	3.51	0	3.51	0	8	0	0	0	150	0	0	0	0
Norway	118	1969	1	0	0	0	0	0	1	7.5	20	1.10803	3.61	0.2	3.61	3.18	0	3.18	0	8	0	0	0	150	0	0	0	0
Norway	118	1973	1	0	0	0	0	0	1	8.16	19	1.10803	4.63	0.9	4.63	4.14	0	4.14	0	10	0	0	0	155	0	0	0	0
Norway	118	1977	1	0	0	0	0	0	1	8.16	19	1.10803	3.85	0.9	3.85	2.97	0	2.97	0	10	0	0	0	155	0	0	0	0
Norway	118	1981	1	0	0	0	0	0	1	8.16	19	1.10803	3.92	0.9	3.92	3.2	0	3.2	0	10	0	0	0	155	0	0	0	0
Norway	118	1985	1	0	0	0	1	0	1	8.26	19	1.10803	3.63	0.9	3.63	3.09	0	3.09	0	10	0	0	0	157	0	0	0	0
Norway	118	1989	1	0	0	0	0	0	1	8.26	19	1.10803	4.84	0.7	4.84	4.23	0	4.23	0	10	0	0	0	165	8	4.8	0	0
Norway	118	1993	1	0	0	0	0	1	1	8.26	19	1.10803	4.74	1.4	4.74	4.04	0	4.04	0	10	0	0	0	165	8	4.8	0	0
Norway	118	1997	1	0	0	0	0	0	1	8.26	19	1.10803	5.07	0	5.07	4.36	0	4.36	0	10	0	0	0	165	8	4.8	0	0
Pakistan	93	1977	1	0	1	0	0	0	1	1	200	2.13721	2.04	4.2	2.045	1.58	4	1.58	0	1	1	0	0	200	0	0	0	0
Pakistan	93	1988	1	0	0	0	1	0	1	1	207	2.13721	3.57	21.4	4.12	3.14	19.3	3.55	0	1	1	0	0	207	0	0	0	0
Pakistan	93	1990	1	0	0	0	0	0	1	1	207	2.13721	3.44	11.8	3.565	3.07	10.6	3.18	0	1	0	0	0	207	0	0	0	0
Pakistan	93	1993	1	0	0	0	0	1	1	1	207	2.13721	3.2	9.5	3.26	3.15	7.7	3.21	0	1	0	0	0	207	0	0	0	0
Pakistan	93	1997	1	0	0	0	0	0	1	1	207	2.13721	3.53	16.9	3.805	2.16	10.1	2.21	0	1	0	0	0	207	0	0	0	0
Palau	198	1996	1	1	0	0	0	1	0	1	16	NA	NA	NA	NA	NA	NA	NA	2.45	1	1	1	1	16	0	0	0	0
Palau	198	2000	1	1	0	0	0	0	0	1	16	NA	NA	NA	NA	NA	NA	NA	2.07	1	0	1	1	16	0	0	0	0
Panama	63	1952	1	1	0	0	0	0	1	5.3	10	2.02716	NA	NA	NA	6.34	11.3	6.62	1.91	NA	1	1	1	53	0	0	0	0
Panama	63	1956	1	1	0	0	0	0	1	5.3	10	2.02716	NA	NA	NA	1.49	0	1.49	1.78	NA	0	1	1	53	0	0	0	0
Panama	63	1960	1	1	0	0	0	0	1	5.3	10	2.02716	4.71	0	4.71	5.11	0	5.11	2.85	NA	0	1	1	53	0	0	0	0
Panama	63	1964	1	1	0	0	0	0	1	4.2	10	2.02716	NA	NA	NA	6.68	0	6.68	3	NA	0	1	1	42	0	0	0	0
Panama	63	1968	1	1	1	0	0	0	1	NA	10	2.02716	NA	NA	NA	NA	NA	NA	2.1	NA	0	1	1	NA	0	0	0	0
Panama	63	1989	1	1	0	0	1	0	1	1.68	40	2.02716	NA	NA	NA	3.72	0	3.72	1.7	2	1	1	1	67	0	0	0	0
Panama	63	1994	1	1	0	0	0	1	1	1.78	40	2.02716	8.64	0	8.64	4.33	0	4.33	5.56	NA	0	1	1	71	0	0	0	0
Panama	63	1999	1	1	0	0	0	0	1	1.78	40	2.02716	5.68	0	5.68	3.26	0	3.26	4.74	2	0	1	1	71	0	0	0	0
Papua New Guinea	132	1977	1	0	0	0	0	0	1	1	89	NA	4.02	30	6.185	4.22	14.8	4.44	0	1	1	0	0	109	20	18.35	0	0
Papua New Guinea	132	1982	1	0	0	0	0	0	1	1	89	NA	5.08	21.7	6.455	2.69	0	2.69	0	1	0	0	0	109	20	18.35	0	0
Papua New Guinea	132	1987	1	0	0	0	1	0	1	1	89	NA	4.63	41.6	19.965	5.95	0	5.95	0	1	0	0	0	109	20	18.35	0	0
Papua New Guinea	132	1992	1	0	0	0	0	0	1	1	89	NA	2.38	67.3	45.34	5.94	30.3	10.59	0	1	0	0	0	109	20	18.35	0	0
Papua New Guinea	132	1997	1	0	0	0	0	1	1	1	89	NA	2.51	69.3	57.56	5.03	54.1	20.94	0	1	0	0	0	109	20	18.35	0	0
Peru	74	1956	1	1	0	0	0	0	1	7.58	24	2.76167	NA	NA	NA	NA	NA	NA	2.68	9.5	1	1	1	182	0	0	0	0
Peru	74	1962	1	1	1	0	0	0	1	7.58	24	2.76167	3.39	0	3.39	NA	NA	NA	3.4	NA	0	1	1	182	0	0	0	0
Peru	74	1963	1	1	0	0	0	0	1	5.79	24	2.76167	2.98	0	2.98	3.54	2.2	3.54	2.98	7	1	1	1	139	0	0	0	0
Peru	74	1980	1	1	0	0	0	0	1	7.5	24	2.76167	4.16	3.44	4.18	2.46	0	2.46	3.45	10	1	1	1	180	0	0	0	0
Peru	74	1985	1	1	0	0	1	0	1	6.92	25	2.76167	3.02	1.22	3.02	2.31	0	2.31	2.76	9	0	1	1	180	0	0	0	0
Peru	74	1990	1	1	1	0	0	1	1	6.92	26	2.76167	5.02	2.48	5.035	4.04	0	4.04	3.99	NA	0	1	1	180	0	0	0	0
Philippines	94	1946	1	1	0	0	0	0	1	1	98	1.19155	3.32	4.1	3.335	2.91	5.1	2.93	2	1	0	1	1	98	0	0	0	0
Philippines	94	1949	1	0	0	0	0	0	1	1	100	1.19155	2.44	1.8	2.445	2.12	1	2.12	2.43	1	0	0.6	0	100	0	0	0	0
Philippines	94	1953	1	1	0	0	0	0	1	1	102	1.19155	2.56	4.5	2.565	2.28	1	2.28	1.75	1	0	1	1	102	0	0	0	0
Philippines	94	1957	1	1	0	0	0	0	1	1	102	1.19155	2.14	3.6	2.14	1.47	0	1.47	3.36	1	0	1	1	102	0	0	0	0
Philippines	94	1961	1	1	0	0	0	0	1	1	104	1.19155	2.05	5.2	2.055	1.71	1	1.71	1.98	1	0	1	1	104	0	0	0	0
Philippines	94	1965	1	1	1	0	0	0	1	1	104	1.19155	2.26	6.4	2.28	2.04	4.9	2.05	2.19	1	0	1	1	104	0	0	0	0
Philippines	94	1987	1	0	0	0	1	0	1	1	200	1.19155	NA	NA	NA	6.38	13	6.95	2	1	1	0.67	0	200	0	0	0	0
Philippines	94	1992	1	1	0	0	0	0	1	1	200	1.19155	4.52	14.3	4.91	3.75	2.5	3.75	5.84	1	0	1	1	200	0	0	0	0
Philippines	94	1995	1	0	0	0	0	1	1	1	204	1.19155	4.69	8.6	4.805	3.54	10.3	3.62	5.84	1	0	0	0	204	0	0	0	0
Philippines	94	1998	1	1	0	0	0	0	1	1	208	1.19155	3.1	5.4	3.12	3.02	8.6	3.08	4.35	1	0	1	1	260	52	20	0	0
Poland	119	1991	1	0	0	0	0	0	0	10.57	37	1.0496	13.86	0	13.86	10.87	0	10.87	3.85	11	1	0.6	0	460	69	15	0	0
Poland	119	1993	1	0	0	0	0	1	0	7.52	52	1.0496	9.8	0	9.8	3.88	0	3.88	3.85	8	0	0.2	0	460	69	15	0	0
Poland	119	1997	1	0	0	0	0	0	0	7.52	52	1.0496	4.59	0	4.59	2.95	0	2.95	3.99	8	0	0.2	0	460	69	15	0	0
Portugal	120	1976	1	1	0	0	0	0	1	12.95	20	1.04123	4	1.7	4	3.43	0	3.43	2.31	15	1	1	1	259	0	0	0	0
Portugal	120	1979	1	0	0	0	0	0	1	12.3	20	1.04123	3	1	3.01	2.54	0	2.54	2.31	15	0	0.5	0	246	0	0	0	0
Portugal	120	1980	1	1	0	0	0	0	1	12.3	20	1.04123	2.88	1.5	2.89	2.51	0	2.51	2.08	15	0	1	1	246	0	0	0	0
Portugal	120	1983	1	0	0	0	1	0	1	12.3	20	1.04123	3.73	1.2	3.74	3.41	0	3.41	2.08	16	0	0	0	246	0	0	0	0
Portugal	120	1985	1	0	0	0	0	0	1	12.3	20	1.04123	4.77	0.6	4.77	4.26	0	4.26	2.08	16	0	0.67	0	246	0	0	0	0
Portugal	120	1987	1	0	0	0	0	0	1	12.3	20	1.04123	2.98	0.7	2.98	2.37	0	2.37	3.05	17	0	0.6	0	246	0	0	0	0
Portugal	120	1991	1	1	0	0	0	0	1	11.3	20	1.04123	2.86	0	2.86	2.24	0	2.24	1.87	16	0	1	1	226	0	0	0	0
Portugal	120	1995	1	0	0	0	0	1	1	11.3	20	1.04123	3.09	0	3.09	2.55	0	2.55	1.87	16	0	0.6	0	226	0	0	0	0
Portugal	120	1999	1	0	0	0	0	0	1	11.3	20	1.04123	3.19	0	3.19	2.62	0	2.62	1.99	16	0	0.5	0	226	0	0	0	0
Romania	121	1990	1	1	0	0	0	0	0	9.44	41	1.42808	2.21	1.87	2.21	2.19	0	2.19	1.36	11	1	1	1	387	NA	NA	0	0
Romania	121	1992	1	0	0	0	0	0	0	7.81	42	1.42808	6.96	0.53	6.96	4.78	0	4.78	2.96	8	0	0.33	0	328	NA	NA	0	0
Romania	121	1996	1	1	0	0	0	1	0	7.81	42	1.42808	6.06	2.03	6.08	4.3	0	4.3	4.29	8	0	1	1	328	NA	NA	0	0
Romania	121	2000	1	1	0	0	0	0	0	7.79	42	1.42808	5.23	1.27	5.23	3.53	0	3.53	4.15	8	0	1	1	327	NA	NA	0	0
Russia	173	1993	1	0	0	0	0	0	0	1	225	1.49925	3.53	49.61	25.74	6.28	30.4	14.63	2.58	1	1	0.2	0	450	225	50	0	0
Russia	173	1995	1	0	0	0	0	1	0	1	225	1.49925	7	31.99	24.68	5.21	17.1	6.15	2.58	1	0	0.6	0	450	225	50	0	0
Russia	173	1999	1	0	0	0	0	0	0	1	225	1.49925	4.3	43.21	21.79	5.51	23.8	8	3.78	1	0	0.5	0	450	225	50	0	0
San Marino	199	1993	1	0	0	0	0	1	0	6	10	NA	3.68	0	3.68	3.52	0	3.52	0	6	1	0	0	60	0	0	0	0
San Marino	199	1998	1	0	0	0	0	0	0	6	10	NA	3.73	0	3.73	3.65	0	3.65	0	9	0	0	0	60	0	0	0	0
Sao Tome and Principe	175	1991	1	1	0	0	0	0	0	7.86	7	NA	2.51	8.4	2.545	1.98	0	1.98	1	7	1	1	1	55	0	0	0	0
Sao Tome and Principe	175	1994	1	0	0	0	0	1	0	7.86	7	NA	3.2	0	3.2	2.7	0	2.7	1	7	0	0.2	0	55	0	0	0	0
Sao Tome and Principe	175	1998	1	0	0	0	0	0	0	7.86	7	NA	2.74	0	2.74	2.36	0	2.36	2.92	7	0	0.2	0	55	0	0	0	0
Sierra Leone	37	1962	1	0	0	0	0	0	1	1	62	4.23723	2.99	42.6	6.52	3.07	22.6	3.55	0	1	1	0	0	62	0	0	0	0
Sierra Leone	37	1967	1	0	1	0	0	0	1	1	66	4.23723	2.69	18	2.82	2.36	9.1	2.39	0	1	0	0	0	66	0	0	0	0
Sierra Leone	37	1996	1	1	0	0	0	1	0	68	1	4.23723	4.55	10.5	4.735	3.82	0	3.82	4.64	68	1	1	1	68	0	0	0	0
Slovak Republic	156	1994	1	0	0	0	0	1	0	37.5	4	1.49592	5.81	0	5.81	4.41	0	4.41	0	NA	1	0	0	150	NA	NA	0	0
Slovak Republic	156	1998	1	0	0	0	0	0	0	150	1	1.49592	5.26	0	5.26	4.76	0	4.76	0	150	0	0	0	150	0	0	0	0
Slovenia	176	1992	1	1	0	0	0	0	0	11	8	1.3006	8.34	1	8.34	6.6	0	6.6	2.14	11	1	1	1	88	0	0	0	0
Slovenia	176	1996	1	0	0	0	0	1	0	11	8	1.3006	6.32	0.8	6.32	5.53	0	5.53	2.14	11	0	0.6	0	88	0	0	0	0
Slovenia	176	2000	1	0	0	0	0	0	0	11	8	1.3006	5.11	3.75	5.13	4.55	0	4.55	2.78	11	0	0.2	0	88	0	0	0	0
Solomon Islands	133	1980	1	0	0	0	0	0	1	1	38	NA	2.53	57.6	12.245	3.14	26.3	3.91	0	1	1	0	0	38	0	0	0	0
Solomon Islands	133	1984	1	0	0	0	0	0	1	1	38	NA	4.19	39.2	8.35	3.66	21.1	4.33	0	1	0	0	0	38	0	0	0	0
Solomon Islands	133	1993	1	0	0	0	0	1	1	1	47	NA	5.22	27.3	7.75	4.08	8.5	4.19	0	1	0	0	0	47	0	0	0	0
Solomon Islands	133	1997	1	0	0	0	0	0	1	1	50	NA	NA	NA	NA	4.25	16	4.53	0	1	0	0	0	50	0	0	0	0
Somalia	38	1964	1	0	0	0	0	0	1	2.62	47	5.31067	3.02	6.2	3.05	2.72	3.3	2.72	0	NA	1	0	0	123	0	0	0	0
Somalia	38	1969	1	0	1	0	0	0	1	2.62	47	5.31067	NA	NA	NA	2.51	18.7	2.74	0	NA	0	0	0	123	0	0	0	0
South Africa	39	1994	1	0	0	0	0	1	0	22.22	9	8.30392	2.24	0	2.24	2.21	0	2.21	0	26	1	0	0	400	200	50	0	0
South Africa	39	1999	1	0	0	0	0	0	0	22.22	9	8.30392	2.16	0	2.16	2.15	0	2.15	0	26	0	0	0	400	200	50	0	0
Spain	122	1977	1	0	0	0	0	0	1	6.73	52	2.00869	4.29	3.1	4.31	2.92	0.3	2.92	0	7	1	0	0	350	0	0	0	0
Spain	122	1979	1	0	0	0	0	0	1	6.73	52	2.00869	4.25	4	4.28	2.81	0	2.81	0	7	0	0	0	349	0	0	0	0
Spain	122	1982	1	0	0	0	0	0	1	6.73	52	2.00869	3.18	2.3	3.19	2.33	0	2.33	0	7	0	0	0	350	0	0	0	0
Spain	122	1986	1	0	0	0	1	0	1	6.73	52	2.00869	3.59	3	3.6	3.02	0	3.02	0	7	0	0	0	350	0	0	0	0
Spain	122	1989	1	0	0	0	0	0	1	6.73	52	2.00869	4.08	1	4.08	2.85	0	2.85	0	7	0	0	0	348	0	0	0	0
Spain	122	1993	1	0	0	0	0	0	1	6.73	52	2.00869	3.5	5.36	3.53	2.67	0	2.67	0	7	0	0	0	350	0	0	0	0
Spain	122	1996	1	0	0	0	0	1	1	6.73	52	2.00869	3.27	1.05	3.27	2.72	0	2.72	0	7	0	0	0	350	0	0	0	0
Spain	122	2000	1	0	0	0	0	0	1	6.73	52	2.00869	2.99	2.8	3.12	2.48	0	2.48	0	7	0	0	0	350	0	0	0	0
Sri Lanka	96	1952	1	0	0	0	0	0	1	1	89	1.74969	3.84	14	4.155	2.77	12.6	2.89	0	1	1	0	0	89	0	0	0	0
Sri Lanka	96	1956	1	0	0	0	0	0	1	1	89	1.74969	3.79	12	4.005	2.97	8.4	3.04	0	1	0	0	0	89	0	0	0	0
Sri Lanka	96	1960	1	0	0	0	0	0	1	1	145	1.74969	5.95	9.1	6.255	4.45	4.6	4.49	0	1	0	0	0	145	0	0	1	1
Sri Lanka	96	1960	1	0	0	0	0	0	1	1	145	1.74969	3.69	6	3.74	3.26	4	3.27	0	1	0	0	0	145	0	0	1	0
Sri Lanka	96	1965	1	0	0	0	0	0	1	1	145	1.74969	3.83	6.4	3.885	3.55	4	3.57	0	1	0	0	0	145	0	0	0	0
Sri Lanka	96	1970	1	0	0	0	0	0	1	1	145	1.74969	3.4	5	3.425	2.49	1.3	2.49	0	1	0	0	0	145	0	0	0	0
Sri Lanka	96	1977	1	0	1	0	0	0	1	1	168	1.74969	2.8	5.7	2.83	1.41	0.6	1.41	0	1	0	0	0	168	0	0	0	0
Sri Lanka	96	1989	1	0	0	0	1	0	1	8.91	22	1.74969	2.74	4.1	2.76	2.48	5.8	2.5	2.18	9	1	0.67	0	225	29	12.89	0	0
Sri Lanka	96	1994	1	1	0	0	0	1	1	8.91	22	1.74969	2.31	1.4	2.31	2.52	4.4	2.53	1.93	9	0	1	1	225	29	12.89	0	0
Sri Lanka	96	2000	1	0	0	0	0	0	1	8.91	22	1.74969	2.7	3.1	2.705	2.59	0.4	2.59	2.25	9	0	0.67	0	225	29	12.89	0	0
St. Kitts and Nevis	179	1984	1	0	0	0	1	0	1	1	11	NA	2.45	0	2.45	2.46	0	2.46	0	1	1	0	0	11	0	0	0	0
St. Kitts and Nevis	179	1989	1	0	0	0	0	0	1	1	11	NA	2.77	0	2.77	2.68	0	2.68	0	1	0	0	0	11	0	0	0	0
St. Kitts and Nevis	179	1993	1	0	0	0	0	0	1	1	11	NA	3.08	0	3.08	3.27	0	3.27	0	1	0	0	0	11	0	0	0	0
St. Kitts and Nevis	179	1995	1	0	0	0	0	1	1	1	11	NA	2.65	0.1	2.65	2.2	0	2.2	0	1	0	0	0	11	0	0	0	0
St. Kitts and Nevis	179	2000	1	0	0	0	0	0	1	1	11	NA	2.55	0	2.55	1.75	0	1.75	0	1	0	0	0	11	0	0	0	0
St. Lucia	174	1979	1	0	0	0	0	0	1	1	17	NA	1.97	0	1.97	1.71	0	1.71	0	1	1	0	0	17	0	0	0	0
St. Lucia	174	1982	1	0	0	0	1	0	1	1	17	NA	2.4	0	2.4	1.44	0	1.44	0	1	0	0	0	17	0	0	0	0
St. Lucia	174	1987	1	0	0	0	0	0	1	1	17	NA	2.32	0	2.32	1.99	0	1.99	0	1	0	0	0	17	0	0	1	1
St. Lucia	174	1987	1	0	0	0	0	0	1	1	17	NA	2.21	0	2.21	1.99	0	1.99	0	1	0	0	0	17	0	0	1	0
St. Lucia	174	1992	1	0	0	0	0	0	1	1	17	NA	1.97	0	1.97	1.84	0	1.84	0	1	0	0	0	17	0	0	0	0
St. Lucia	174	1997	1	0	0	0	0	1	1	1	17	NA	1.95	2	1.95	1.12	0	1.12	0	1	0	0	0	17	0	0	0	0
St. Vincent	180	1979	1	0	0	0	0	0	1	1	13	NA	2.57	0.3	2.57	1.35	0	1.35	0	1	1	0	0	13	0	0	0	0
St. Vincent	180	1984	1	0	0	0	1	0	1	1	13	NA	2.28	0	2.28	1.74	0	1.74	0	1	0	0	0	13	0	0	0	0
St. Vincent	180	1989	1	0	0	0	0	0	1	1	15	NA	1.88	0	1.88	1	0	1	0	1	0	0	0	15	0	0	0	0
St. Vincent	180	1994	1	0	0	0	0	1	1	1	15	NA	2.48	0	2.48	1.51	0	1.51	0	1	0	0	0	15	0	0	0	0
St. Vincent	180	1998	1	0	0	0	0	0	1	1	15	NA	1.99	0	1.99	1.99	0	1.99	0	1	0	0	0	15	0	0	0	0
Sudan	40	1958	1	0	1	0	0	0	1	1	173	3.42436	NA	NA	NA	3.67	0	3.67	0	1	1	0	0	173	0	0	0	0
Sudan	40	1986	1	0	0	0	1	0	1	1	264	3.42436	NA	NA	NA	4.07	1.5	4.07	0	1	1	0	0	264	0	0	0	0
Suriname	75	1977	1	0	0	0	0	0	1	2.7	10	NA	2.46	0	2.46	1.97	0	1.97	0	NA	1	0	0	39	12	44.44	0	0
Suriname	75	1991	1	0	0	0	0	0	1	5.1	10	NA	2.69	0	2.69	2.31	0	2.31	0	NA	1	0	0	51	0	0	0	0
Suriname	75	1996	1	0	0	0	0	1	1	5.1	10	NA	3.62	0	3.62	2.98	0	2.98	0	5	0	0	0	51	0	0	0	0
Suriname	75	2000	1	0	0	0	0	0	1	5.1	10	NA	3.77	0	3.77	2.28	0	2.28	0	5	0	0	0	51	0	0	0	0
Sweden	123	1948	1	0	0	0	0	0	1	8.21	28	1.23376	3.35	0.1	3.35	3.06	0	3.06	0	NA	0	0	0	230	0	0	0	0
Sweden	123	1952	1	0	0	0	0	0	1	8.21	28	1.23376	3.28	0.1	3.28	3.09	0	3.09	0	NA	0	0	0	230	0	0	0	0
Sweden	123	1956	1	0	0	0	0	0	1	8.25	28	1.23376	3.37	0.1	3.37	3.18	0	3.18	0	NA	0	0	0	231	0	0	0	0
Sweden	123	1958	1	0	0	0	0	0	1	8.25	28	1.23376	3.31	0	3.31	3.16	0	3.16	0	NA	0	0	0	231	0	0	0	0
Sweden	123	1960	1	0	0	0	0	0	1	8.29	28	1.23376	3.26	0.1	3.26	3.12	0	3.12	0	NA	0	0	0	232	0	0	0	0
Sweden	123	1964	1	0	0	0	0	0	1	8.32	28	1.23376	3.42	0	3.42	3.25	0	3.25	0	NA	0	0	0	233	0	0	0	0
Sweden	123	1968	1	0	0	0	0	0	1	8.32	28	1.23376	3.18	0	3.18	2.88	0	2.88	0	NA	0	0	0	233	0	0	0	0
Sweden	123	1970	1	0	0	0	0	0	1	11.07	28	1.23376	3.49	0.5	3.49	3.31	0	3.31	0	NA	0	0	0	350	40	11.4	0	0
Sweden	123	1973	1	0	0	0	0	0	1	11.07	28	1.23376	3.54	0	3.54	3.35	0	3.35	0	12	0	0	0	350	40	11.4	0	0
Sweden	123	1976	1	0	0	0	0	0	1	11.07	28	1.23376	3.58	0.4	3.58	3.44	0	3.44	0	12	0	0	0	349	39	11.2	0	0
Sweden	123	1979	1	0	0	0	0	0	1	11.07	28	1.23376	3.63	0.8	3.63	3.49	0	3.49	0	12	0	0	0	349	39	11.2	0	0
Sweden	123	1982	1	0	0	0	0	0	1	11.07	28	1.23376	3.39	0.3	3.39	3.13	0	3.13	0	12	0	0	0	349	39	11.2	0	0
Sweden	123	1985	1	0	0	0	1	0	1	11.07	28	1.23376	3.34	0.5	3.34	3.39	0	3.39	0	12	0	0	0	349	39	11.2	0	0
Sweden	123	1988	1	0	0	0	0	0	1	11.07	28	1.23376	3.91	0.7	3.91	3.67	0	3.67	0	12	0	0	0	349	39	11.2	0	0
Sweden	123	1991	1	0	0	0	0	0	1	11.07	28	1.23376	4.58	1	4.58	4.2	0	4.2	0	12	0	0	0	349	39	11.2	0	0
Sweden	123	1994	1	0	0	0	0	1	1	10.69	29	1.23376	3.65	1	3.65	3.51	0	3.51	0	12	0	0	0	349	39	11.2	0	0
Sweden	123	1998	1	0	0	0	0	0	1	10.69	29	1.23376	4.54	0.7	4.54	4.29	0	4.29	0	11	0	0	0	349	39	11.2	0	0
Switzerland	124	1947	1	0	0	0	0	0	1	7.76	25	2.35385	5.34	0.5	5.34	5	0	5	0	12	0	0	0	194	0	0	0	0
Switzerland	124	1951	1	0	0	0	0	0	1	7.84	25	2.35385	5.09	0.5	5.09	4.8	0	4.8	0	13	0	0	0	196	0	0	0	0
Switzerland	124	1957	1	0	0	0	0	0	1	7.84	25	2.35385	4.96	0.6	4.96	4.71	0	4.71	0	13	0	0	0	196	0	0	0	0
Switzerland	124	1959	1	0	0	0	0	0	1	7.84	25	2.35385	5.04	0	5.04	4.75	0	4.75	0	13	0	0	0	196	0	0	0	0
Switzerland	124	1963	1	0	0	0	0	0	1	8	25	2.35385	5	1.8	5.005	4.78	0	4.78	0	13	0	0	0	200	0	0	0	0
Switzerland	124	1967	1	0	0	0	0	0	1	8	25	2.35385	5.54	2.1	5.55	5.13	0	5.13	0	13	0	0	0	200	0	0	0	0
Switzerland	124	1971	1	0	0	0	0	0	1	8	25	2.35385	6.16	1.5	6.17	5.49	0	5.49	0	12	0	0	0	200	0	0	0	0
Switzerland	124	1975	1	0	0	0	0	0	1	8	25	2.35385	5.78	2	5.795	5	0	5	0	12	0	0	0	200	0	0	0	0
Switzerland	124	1979	1	0	0	0	0	0	1	7.7	26	2.35385	5.5	2.3	5.52	5.1	0.5	5.1	0	12	0	0	0	200	0	0	0	0
Switzerland	124	1983	1	0	0	0	1	0	1	7.7	26	2.35385	5.99	3.4	6.03	5.26	0	5.26	0	12	0	0	0	200	0	0	0	0
Switzerland	124	1987	1	0	0	0	0	0	1	7.7	26	2.35385	6.8	2.6	6.83	5.76	0.5	5.76	0	12	0	0	0	200	0	0	0	0
Switzerland	124	1991	1	0	0	0	0	0	1	7.7	26	2.35385	7.34	2.4	7.37	6.7	0.5	6.7	0	12	0	0	0	200	0	0	0	0
Switzerland	124	1995	1	0	0	0	0	1	1	7.7	26	2.35385	6.82	2.7	6.86	5.6	0	5.6	0	12	0	0	0	200	0	0	0	0
Switzerland	124	1999	1	0	0	0	0	0	1	7.7	26	2.35385	5.86	2.9	5.88	5.16	0	5.16	0	12	0	0	0	200	0	0	0	0
Taiwan	98	1998	1	0	0	0	0	0	0	6.72	25	1.37817	3.14	9.5	3.225	2.49	5.3	2.51	2.71	NA	1	0	0	225	41	18.22	0	0
Thailand	99	1975	1	0	0	0	0	0	1	NA	NA	1.75863	10.3	2.2	10.35	7.56	0	7.56	0	NA	1	0	0	269	0	0	0	0
Thailand	99	1976	1	0	1	0	0	0	1	NA	NA	1.75863	6.95	1.7	6.95	4.07	0	4.07	0	NA	0	0	0	269	0	0	0	0
Thailand	99	1983	1	0	0	0	0	0	1	2.4	134	1.75863	5.72	7.9	5.905	5.45	7.4	5.62	0	2	1	0	0	324	0	0	0	0
Thailand	99	1986	1	0	0	0	1	0	1	2.51	138	1.75863	7.97	0	7.97	6.18	0	6.18	0	3	0	0	0	347	0	0	0	0
Thailand	99	1988	1	0	0	0	0	0	1	2.51	142	1.75863	9.75	0	9.75	7.74	0	7.74	0	3	0	0	0	357	0	0	0	0
Thailand	99	1992	1	0	0	0	0	0	1	2.54	142	1.75863	6.7	0.6	6.7	6.01	0	6.01	0	3	1	0	0	360	0	0	1	1
Thailand	99	1992	1	0	0	0	0	0	1	2.54	142	1.75863	6.6	0.6	6.6	6.11	0	6.11	0	3	0	0	0	360	0	0	1	0
Thailand	99	1995	1	0	0	0	0	1	1	2.52	155	1.75863	6.81	0	6.81	6.43	0	6.43	0	3	0	0	0	391	0	0	0	0
Thailand	99	1996	1	0	0	0	0	0	1	2.52	156	1.75863	4.61	0	4.61	4.32	0	4.32	0	3	0	0	0	393	0	0	0	0
Trinidad and Tobago	64	1966	1	0	0	0	0	0	1	1	36	2.83221	2.51	0.5	2.51	1.8	0	1.8	0	1	1	0	0	36	0	0	0	0
Trinidad and Tobago	64	1971	1	0	0	0	0	0	1	1	36	2.83221	1.38	0.8	1.38	1	0	1	0	1	0	0	0	36	0	0	0	0
Trinidad and Tobago	64	1976	1	0	0	0	0	0	1	1	36	2.83221	2.65	0.5	2.65	1.91	0	1.91	0	1	0	0	0	36	0	0	0	0
Trinidad and Tobago	64	1981	1	0	0	0	0	0	1	1	36	2.83221	2.82	0	2.82	1.74	0	1.74	0	1	0	0	0	36	0	0	0	0
Trinidad and Tobago	64	1986	1	0	0	0	1	0	1	1	36	2.83221	1.84	0	1.84	1.18	0	1.18	0	1	0	0	0	36	0	0	0	0
Trinidad and Tobago	64	1991	1	0	0	0	0	0	1	1	36	2.83221	2.88	0.3	2.88	2.11	0	2.11	0	1	0	0	0	36	0	0	0	0
Trinidad and Tobago	64	1995	1	0	0	0	0	1	1	1	36	2.83221	2.22	0	2.22	2.23	0	2.23	0	1	0	0	0	36	0	0	0	0
Trinidad and Tobago	64	2000	1	0	0	0	0	0	1	1	36	2.83221	2.15	0	2.15	2	0	2	0	1	0	0	0	36	0	0	0	0
Turkey	125	1961	1	0	0	0	0	0	1	6.72	67	1.42552	3.4	0.8	3.4	3.27	0	3.27	0	NA	1	0	0	450	0	0	0	0
Turkey	125	1965	1	0	0	0	0	0	1	6.72	67	1.42552	2.7	3.2	2.71	2.62	0.2	2.62	0	NA	0	0	0	450	NA	NA	0	0
Turkey	125	1969	1	0	0	0	0	0	1	6.72	67	1.42552	3.3	5.6	3.33	2.34	2.9	2.34	0	NA	0	0	0	450	0	0	0	0
Turkey	125	1973	1	0	0	0	0	0	1	6.72	67	1.42552	4.3	2.8	4.31	3.32	1.3	3.32	0	NA	0	0	0	450	0	0	0	0
Turkey	125	1977	1	0	0	0	0	0	1	6.72	67	1.42552	3.12	2.5	3.13	2.47	0.9	2.47	0	NA	0	0	0	450	0	0	0	0
Turkey	125	1983	1	0	0	0	0	0	1	5.42	83	1.42552	2.85	1.1	2.85	2.52	0	2.52	0	NA	1	0	0	450	0	0	0	0
Turkey	125	1987	1	0	0	0	1	0	1	4.33	104	1.42552	4.12	0.4	4.12	2.05	0	2.05	0	NA	0	0	0	450	0	0	0	0
Turkey	125	1991	1	0	0	0	0	0	1	4.21	107	1.42552	4.68	0.1	4.68	3.57	0	3.57	0	NA	0	0	0	450	0	0	0	0
Turkey	125	1995	1	0	0	0	0	1	1	6.63	83	1.42552	6.14	1.2	6.14	4.41	0	4.41	0	NA	0	0	0	550	0	0	0	0
Turkey	125	1999	1	0	0	0	0	0	1	6.55	84	1.42552	6.76	2.9	6.78	4.87	0.5	4.87	0	9	0	0	0	550	0	0	0	0
Uganda	45	1980	1	0	0	0	1	0	1	1	126	14.2243	2.24	0	2.24	1.95	0	1.95	0	1	1	0	0	126	0	0	0	0
Ukraine	183	1994	1	1	0	0	0	1	0	1	450	1.71999	2.16	66.5	46.1	3.11	49.7	13.21	3.66	1	1	1	1	450	0	0	0	0
Ukraine	183	1998	1	1	0	0	0	0	0	1	225	1.71999	3.94	46.9	29.41	6.07	24.9	9.73	4.65	1	0	1	1	450	225	50	0	0
United Kingdom	126	1950	1	0	0	0	0	0	1	1	625	1.48036	2.44	2.2	2.44	2.08	0.2	2.08	0	1	0	0	0	625	0	0	0	0
United Kingdom	126	1951	1	0	0	0	0	0	1	1	625	1.48036	2.13	0.1	2.13	2.05	0	2.05	0	1	0	0	0	625	0	0	0	0
United Kingdom	126	1955	1	0	0	0	0	0	1	1	630	1.48036	2.16	0.2	2.16	2.02	0	2.02	0	1	0	0	0	630	0	0	0	0
United Kingdom	126	1959	1	0	0	0	0	0	1	1	630	1.48036	2.28	0.2	2.28	1.99	0.2	1.99	0	1	0	0	0	630	0	0	0	0
United Kingdom	126	1964	1	0	0	0	0	0	1	1	630	1.48036	2.52	0.2	2.52	2.06	0	2.06	0	1	0	0	0	630	0	0	0	0
United Kingdom	126	1966	1	0	0	0	0	0	1	1	630	1.48036	2.42	0.2	2.42	2.02	0	2.02	0	1	0	0	0	630	0	0	0	0
United Kingdom	126	1970	1	0	0	0	0	0	1	1	630	1.48036	2.46	0.6	2.46	2.07	0.3	2.07	0	1	0	0	0	630	0	0	0	0
United Kingdom	126	1974	1	0	0	0	0	0	1	1	635	1.48036	3.13	0.4	3.13	2.25	0.2	2.25	0	1	0	0	0	635	0	0	1	1
United Kingdom	126	1974	1	0	0	0	0	0	1	1	635	1.48036	3.15	0.4	3.15	2.26	0.2	2.26	0	1	0	0	0	635	0	0	1	0
United Kingdom	126	1979	1	0	0	0	0	0	1	1	635	1.48036	2.87	0.4	2.87	2.15	0	2.15	0	1	0	0	0	635	0	0	0	0
United Kingdom	126	1983	1	0	0	0	1	0	1	1	650	1.48036	2.83	0.4	2.83	2.09	0	2.09	0	1	0	0	0	650	0	0	0	0
United Kingdom	126	1987	1	0	0	0	0	0	1	1	650	1.48036	2.85	0.1	2.85	2.17	0	2.17	0	1	0	0	0	650	0	0	0	0
United Kingdom	126	1992	1	0	0	0	0	0	1	1	651	1.48036	3.03	0.4	3.03	2.27	0	2.27	0	1	0	0	0	651	0	0	0	0
United Kingdom	126	1997	1	0	0	0	0	1	1	1	659	1.48036	3.21	4.6	3.23	2.12	0.2	2.12	0	1	0	0	0	659	0	0	0	0
United States	65	1946	1	0	0	0	0	0	1	1	432	1.96447	2.05	1.5	2.05	1.98	0.2	1.98	2.02	1	0	0	0	432	0	0	0	0
United States	65	1948	1	1	0	0	0	0	1	1	433	1.96447	2.07	1.9	2.07	1.92	0.2	1.92	2.22	1	0	1	1	433	0	0	0	0
United States	65	1950	1	0	0	0	0	0	1	1	434	1.96447	2.06	1.4	2.06	2	0.2	2	2.22	1	0	0	0	434	0	0	0	0
United States	65	1952	1	1	0	0	0	0	1	1	433	1.96447	2.04	0.9	2.04	2.01	0.2	2.01	1.997	1	0	1	1	433	0	0	0	0
United States	65	1954	1	0	0	0	0	0	1	1	432	1.96447	2.01	0.5	2.01	1.99	0	1.99	1.997	1	0	0	0	432	0	0	0	0
United States	65	1956	1	1	0	0	0	0	1	1	435	1.96447	2.01	0.2	2.01	1.99	0	1.99	1.98	1	0	1	1	435	0	0	0	0
United States	65	1958	1	0	0	0	0	0	1	1	433	1.96447	1.98	0.4	1.98	1.82	0	1.82	1.98	1	0	0	0	433	0	0	0	0
United States	65	1960	1	1	0	0	0	0	1	1	436	1.96447	2.01	0.6	2.01	1.91	0	1.91	2.03	1	0	1	1	436	0	0	0	0
United States	65	1962	1	0	0	0	0	0	1	1	437	1.96447	2.01	0.4	2.01	1.93	0	1.93	2.03	1	0	0	0	437	0	0	0	0
United States	65	1964	1	1	0	0	0	0	1	1	435	1.96447	1.97	0.4	1.97	1.78	0	1.78	1.92	1	0	1	1	435	0	0	0	0
United States	65	1966	1	0	0	0	0	0	1	1	435	1.96447	2.03	0.9	2.03	1.96	0	1.96	1.92	1	0	0	0	435	0	0	0	0
United States	65	1968	1	1	0	0	0	0	1	1	434	1.96447	2.05	1.1	2.05	1.97	0	1.97	2.57	1	0	1	1	434	0	0	0	0
United States	65	1970	1	0	0	0	0	0	1	1	435	1.96447	2.03	1.4	2.035	1.94	0	1.94	2.57	1	0	0	0	435	0	0	0	0
United States	65	1972	1	1	0	0	0	0	1	1	434	1.96447	2.04	1.2	2.04	1.97	0	1.97	1.96	1	0	1	1	434	0	0	0	0
United States	65	1974	1	0	0	0	0	0	1	1	431	1.96447	2	1.8	2	1.79	0	1.79	1.96	1	0	0	0	431	0	0	0	0
United States	65	1976	1	1	0	0	0	0	1	1	435	1.96447	2.02	1.6	2.02	1.79	0	1.79	2.08	1	0	1	1	435	0	0	0	0
United States	65	1978	1	0	0	0	0	0	1	1	435	1.96447	2.03	1.4	2.03	1.86	0	1.86	2.08	1	0	0	0	435	0	0	0	0
United States	65	1980	1	1	0	0	0	0	1	1	433	1.96447	2.06	1.4	2.06	1.97	0	1.97	2.33	1	0	1	1	433	0	0	0	0
United States	65	1982	1	0	0	0	0	0	1	1	435	1.96447	2.02	1.4	2.02	1.89	0	1.89	2.33	1	0	0	0	435	0	0	0	0
United States	65	1984	1	1	0	0	1	0	1	1	434	1.96447	2.03	0.9	2.03	1.95	0	1.95	1.96	1	0	1	1	434	0	0	0	0
United States	65	1986	1	0	0	0	0	0	1	1	435	1.96447	2.01	0.8	2.01	1.93	0	1.93	1.96	1	0	0	0	435	0	0	0	0
United States	65	1988	1	1	0	0	0	0	1	1	435	1.96447	2.03	1.1	2.03	1.93	0	1.93	1.99	1	0	1	1	435	0	0	0	0
United States	65	1990	1	0	0	0	0	0	1	1	435	1.96447	2.07	2.1	2.07	1.91	0.2	1.91	1.99	1	0	0	0	435	0	0	0	0
United States	65	1992	1	1	0	0	0	0	1	1	434	1.96447	2.14	3.6	2.145	1.93	0.2	1.93	2.74	1	0	1	1	434	0	0	0	0
United States	65	1994	1	0	0	0	0	0	1	1	434	1.96447	2.08	2.2	2.08	1.99	0.2	1.99	2.74	1	0	0	0	434	0	0	0	0
United States	65	1996	1	1	0	0	0	1	1	1	434	1.96447	2.11	2.6	2.11	1.99	0	1.99	2.41	1	0	1	1	434	0	0	0	0
United States	65	1998	1	0	0	0	0	0	1	1	434	1.96447	2.15	3.8	2.155	1.99	0	1.99	2.41	1	0	0	0	434	0	0	0	0
United States	65	2000	1	1	0	0	0	0	1	1	435	1.96447	2.18	1.6	2.18	2.02	0.5	2.02	2.15	1	0	1	1	435	0	0	0	0
Uruguay	76	1946	1	1	0	0	0	0	1	99	1	1.27812	3.08	0	3.08	2.96	0	2.96	2.89	99	0	1	1	99	0	0	0	0
Uruguay	76	1950	1	1	0	0	0	0	1	99	1	1.27812	2.65	0	2.65	2.55	0	2.55	2.63	99	0	1	1	99	0	0	0	0
Uruguay	76	1954	1	1	0	0	0	0	1	99	1	1.27812	2.6	0	2.6	2.53	0	2.53	2.59	99	0	1	1	99	0	0	0	0
Uruguay	76	1958	1	1	0	0	0	0	1	99	1	1.27812	2.55	0	2.55	2.4	0	2.4	2.54	99	0	1	1	99	0	0	0	0
Uruguay	76	1962	1	1	0	0	0	0	1	99	1	1.27812	2.4	0.1	2.4	2.35	0	2.35	2.4	99	0	1	1	99	0	0	0	0
Uruguay	76	1966	1	1	0	0	0	0	1	99	1	1.27812	2.44	NA	NA	2.33	0	2.33	2.44	99	0	1	1	99	0	0	0	0
Uruguay	76	1971	1	1	0	0	0	0	1	99	1	1.27812	2.74	0.3	2.74	2.65	0	2.65	2.75	99	0	1	1	99	0	0	0	0
Uruguay	76	1989	1	1	0	0	1	0	1	99	1	1.27812	3.38	0	3.38	3.33	0	3.33	3.38	99	1	1	1	99	0	0	0	0
Uruguay	76	1994	1	1	0	0	0	1	1	99	1	1.27812	3.35	0	3.35	3.3	0	3.3	3.34	99	0	1	1	99	0	0	0	0
Uruguay	76	1999	1	1	0	0	0	0	1	99	1	1.27812	3.12	0	3.12	3.07	0	3.07	3.41	99	0	1	1	99	0	0	0	0
Vanuatu	134	1983	1	0	0	0	0	0	1	2.79	14	NA	2.56	4.6	2.565	2.1	0	2.1	0	NA	1	0	0	39	0	0	0	0
Vanuatu	134	1987	1	0	0	0	1	0	1	3.07	15	NA	2.59	4.1	2.6	2.14	2.2	2.15	0	5	0	0	0	46	0	0	0	0
Vanuatu	134	1991	1	0	0	0	0	0	1	3.07	15	NA	4.68	0.7	4.68	3.65	0	3.65	0	5	0	0	0	46	0	0	0	0
Vanuatu	134	1995	1	0	0	0	0	1	1	3.33	15	NA	4.26	6.6	4.335	3.22	4	3.24	0	6	0	0	0	50	0	0	0	0
Vanuatu	134	1998	1	0	0	0	0	0	1	3.06	17	NA	6.35	15.7	7.32	4.26	3.8	4.29	0	6	0	0	0	52	0	0	0	0
Venezuela	77	1947	1	1	0	0	0	0	1	4.78	23	1.93526	1.87	0.2	1.87	1.68	0	1.68	1.66	NA	0	1	1	110	0	0	0	0
Venezuela	77	1963	1	1	0	0	0	0	1	7.26	23	1.93526	4.77	1.21	4.77	4.32	0	4.32	4.56	9	1	1	1	179	12	6.7	0	0
Venezuela	77	1968	1	1	0	0	0	0	1	8.52	23	1.93526	5.99	4.16	6.045	4.89	0	4.89	3.98	NA	0	1	1	214	18	8.41	0	0
Venezuela	77	1973	1	1	0	0	0	0	1	7.96	23	1.93526	3.35	2.68	3.36	2.72	0	2.72	2.65	NA	0	1	1	200	17	8.5	0	0
Venezuela	77	1978	1	1	0	0	0	0	1	7.96	23	1.93526	3.1	2.26	3.11	2.65	0	2.65	2.45	9	0	1	1	199	16	8.04	0	0
Venezuela	77	1983	1	1	0	0	1	0	1	7.91	23	1.93526	2.96	3.05	2.97	2.42	0	2.42	2.25	11	0	1	1	200	18	9	0	0
Venezuela	77	1988	1	1	0	0	0	0	1	7.91	23	1.93526	3.36	3.42	3.38	2.83	0	2.83	2.25	NA	0	1	1	201	19	9.45	0	0
Venezuela	77	1993	1	1	0	0	0	1	1	1	102	1.93526	5.54	5.61	5.635	4.74	0	4.74	4.03	1	0	1	1	203	101	49.75	0	0
Venezuela	77	1998	1	1	0	0	0	0	1	1.22	72	1.93526	7.01	8.3	7.36	6.05	0.9	6.05	2.1	1	0	1	1	207	119	57.49	0	0
Venezuela	77	2000	1	1	0	0	0	0	1	6.88	24	1.93526	4.17	6.66	4.24	3.44	0	3.44	3.38	NA	0	1	1	165	0	0	0	0
West Germany	108	1949	1	0	0	0	0	0	1	1	242	NA	5.6	5.9	5.705	4.65	0.7	4.65	0	1	1	0	0	402	160	40	0	0
West Germany	108	1953	1	0	0	0	0	0	1	1	242	NA	4.2	0.3	4.2	3.64	0	3.64	0	1	0	0	0	487	245	50	0	0
West Germany	108	1957	1	0	0	0	0	0	1	1	247	NA	3.58	0.4	3.58	3.07	0	3.07	0	1	0	0	0	497	250	50	0	0
West Germany	108	1961	1	0	0	0	0	0	1	1	247	NA	3.5	0.1	3.5	3.11	0	3.11	0	1	0	0	0	499	252	50	0	0
West Germany	108	1965	1	0	0	0	0	0	1	1	248	NA	3.15	0.3	3.15	2.93	0	2.93	0	1	0	0	0	496	248	50	0	0
West Germany	108	1969	1	0	0	0	0	0	1	1	248	NA	3.02	0.4	3.02	2.71	0	2.71	0	1	0	0	0	496	248	50	0	0
West Germany	108	1972	1	0	0	0	0	0	1	1	248	NA	2.86	0.1	2.86	2.79	0	2.79	0	1	0	0	0	496	248	50	0	0
West Germany	108	1976	1	0	0	0	0	0	1	1	248	NA	2.91	0.2	2.91	2.86	0	2.86	0	1	0	0	0	496	248	50	0	0
West Germany	108	1980	1	0	0	0	0	0	1	1	248	NA	3.1	0.1	3.1	2.96	0	2.96	0	1	0	0	0	497	249	50	0	0
West Germany	108	1983	1	0	0	0	1	0	1	1	248	NA	3.21	0.1	3.21	3.16	0	3.16	0	1	0	0	0	498	250	50	0	0
West Germany	108	1987	1	0	0	0	0	0	1	1	248	NA	3.56	0.8	3.56	3.47	0	3.47	0	1	0	0	0	497	249	50	0	0
Zambia	47	1991	1	1	0	0	0	0	0	1	150	3.64697	1.63	0.8	1.63	1.39	0	1.39	1.58	1	1	1	1	150	0	0	0	0
Zambia	47	1996	1	1	0	0	0	1	0	1	150	3.64697	2.44	9.8	2.5	1.3	6.7	1.31	1.81	1	0	1	1	150	0	0	0	0

